1,2,3,4,5,6,7,12,  8,9,10,11,13,14,15,16,  96
1,2,3,4,5,6,8,11,  7,9,10,12,13,14,15,16,  96
1,2,3,4,5,6,9,10,  7,8,11,12,13,14,15,16,  96
1,2,3,4,5,6,11,16,  7,8,9,10,12,13,14,15,  88
1,2,3,4,5,6,12,15,  7,8,9,10,11,13,14,16,  88
1,2,3,4,5,6,13,14,  7,8,9,10,11,12,15,16,  88
1,2,3,4,5,7,8,10,  6,9,11,12,13,14,15,16,  96
1,2,3,4,5,7,10,16,  6,8,9,11,12,13,14,15,  88
1,2,3,4,5,7,11,15,  6,8,9,10,12,13,14,16,  88
1,2,3,4,5,7,12,14,  6,8,9,10,11,13,15,16,  88
1,2,3,4,5,8,9,16,  6,7,10,11,12,13,14,15,  88
1,2,3,4,5,8,10,15,  6,7,9,11,12,13,14,16,  88
1,2,3,4,5,8,11,14,  6,7,9,10,12,13,15,16,  88
1,2,3,4,5,8,12,13,  6,7,9,10,11,14,15,16,  88
1,2,3,4,5,9,10,14,  6,7,8,11,12,13,15,16,  88
1,2,3,4,5,9,11,13,  6,7,8,10,12,14,15,16,  88
1,2,3,4,5,10,11,12,  6,7,8,9,13,14,15,16,  88
1,2,3,4,5,10,15,16,  6,7,8,9,11,12,13,14,  80
1,2,3,4,5,11,14,16,  6,7,8,9,10,12,13,15,  80
1,2,3,4,5,12,13,16,  6,7,8,9,10,11,14,15,  80
1,2,3,4,5,12,14,15,  6,7,8,9,10,11,13,16,  80
1,2,3,4,6,7,8,9,  5,10,11,12,13,14,15,16,  96
1,2,3,4,6,7,9,16,  5,8,10,11,12,13,14,15,  88
1,2,3,4,6,7,10,15,  5,8,9,11,12,13,14,16,  88
1,2,3,4,6,7,11,14,  5,8,9,10,12,13,15,16,  88
1,2,3,4,6,7,12,13,  5,8,9,10,11,14,15,16,  88
1,2,3,4,6,8,9,15,  5,7,10,11,12,13,14,16,  88
1,2,3,4,6,8,10,14,  5,7,9,11,12,13,15,16,  88
1,2,3,4,6,8,11,13,  5,7,9,10,12,14,15,16,  88
1,2,3,4,6,9,10,13,  5,7,8,11,12,14,15,16,  88
1,2,3,4,6,9,11,12,  5,7,8,10,13,14,15,16,  88
1,2,3,4,6,9,15,16,  5,7,8,10,11,12,13,14,  80
1,2,3,4,6,10,14,16,  5,7,8,9,11,12,13,15,  80
1,2,3,4,6,11,13,16,  5,7,8,9,10,12,14,15,  80
1,2,3,4,6,11,14,15,  5,7,8,9,10,12,13,16,  80
1,2,3,4,6,12,13,15,  5,7,8,9,10,11,14,16,  80
1,2,3,4,7,8,9,14,  5,6,10,11,12,13,15,16,  88
1,2,3,4,7,8,10,13,  5,6,9,11,12,14,15,16,  88
1,2,3,4,7,8,11,12,  5,6,9,10,13,14,15,16,  88
1,2,3,4,7,8,15,16,  5,6,9,10,11,12,13,14,  80
1,2,3,4,7,9,10,12,  5,6,8,11,13,14,15,16,  88
1,2,3,4,7,9,14,16,  5,6,8,10,11,12,13,15,  80
1,2,3,4,7,10,13,16,  5,6,8,9,11,12,14,15,  80
1,2,3,4,7,10,14,15,  5,6,8,9,11,12,13,16,  80
1,2,3,4,7,11,12,16,  5,6,8,9,10,13,14,15,  80
1,2,3,4,7,11,13,15,  5,6,8,9,10,12,14,16,  80
1,2,3,4,7,12,13,14,  5,6,8,9,10,11,15,16,  80
1,2,3,4,8,9,10,11,  5,6,7,12,13,14,15,16,  88
1,2,3,4,8,9,13,16,  5,6,7,10,11,12,14,15,  80
1,2,3,4,8,9,14,15,  5,6,7,10,11,12,13,16,  80
1,2,3,4,8,10,12,16,  5,6,7,9,11,13,14,15,  80
1,2,3,4,8,10,13,15,  5,6,7,9,11,12,14,16,  80
1,2,3,4,8,11,12,15,  5,6,7,9,10,13,14,16,  80
1,2,3,4,8,11,13,14,  5,6,7,9,10,12,15,16,  80
1,2,3,4,9,10,11,16,  5,6,7,8,12,13,14,15,  80
1,2,3,4,9,10,12,15,  5,6,7,8,11,13,14,16,  80
1,2,3,4,9,10,13,14,  5,6,7,8,11,12,15,16,  80
1,2,3,4,9,11,12,14,  5,6,7,8,10,13,15,16,  80
1,2,3,4,9,14,15,16,  5,6,7,8,10,11,12,13,  72
1,2,3,4,10,11,12,13,  5,6,7,8,9,14,15,16,  80
1,2,3,4,10,13,15,16,  5,6,7,8,9,11,12,14,  72
1,2,3,4,11,12,15,16,  5,6,7,8,9,10,13,14,  72
1,2,3,4,11,13,14,16,  5,6,7,8,9,10,12,15,  72
1,2,3,4,12,13,14,15,  5,6,7,8,9,10,11,16,  72
1,2,3,5,6,7,8,16,  4,9,10,11,12,13,14,15,  88
1,2,3,5,6,7,9,15,  4,8,10,11,12,13,14,16,  88
1,2,3,5,6,7,10,14,  4,8,9,11,12,13,15,16,  88
1,2,3,5,6,7,11,13,  4,8,9,10,12,14,15,16,  88
1,2,3,5,6,8,9,14,  4,7,10,11,12,13,15,16,  88
1,2,3,5,6,8,10,13,  4,7,9,11,12,14,15,16,  88
1,2,3,5,6,8,11,12,  4,7,9,10,13,14,15,16,  88
1,2,3,5,6,8,15,16,  4,7,9,10,11,12,13,14,  80
1,2,3,5,6,9,10,12,  4,7,8,11,13,14,15,16,  88
1,2,3,5,6,9,14,16,  4,7,8,10,11,12,13,15,  80
1,2,3,5,6,10,13,16,  4,7,8,9,11,12,14,15,  80
1,2,3,5,6,10,14,15,  4,7,8,9,11,12,13,16,  80
1,2,3,5,6,11,12,16,  4,7,8,9,10,13,14,15,  80
1,2,3,5,6,11,13,15,  4,7,8,9,10,12,14,16,  80
1,2,3,5,6,12,13,14,  4,7,8,9,10,11,15,16,  80
1,2,3,5,7,8,9,13,  4,6,10,11,12,14,15,16,  88
1,2,3,5,7,8,10,12,  4,6,9,11,13,14,15,16,  88
1,2,3,5,7,8,14,16,  4,6,9,10,11,12,13,15,  80
1,2,3,5,7,9,10,11,  4,6,8,12,13,14,15,16,  88
1,2,3,5,7,9,13,16,  4,6,8,10,11,12,14,15,  80
1,2,3,5,7,9,14,15,  4,6,8,10,11,12,13,16,  80
1,2,3,5,7,10,12,16,  4,6,8,9,11,13,14,15,  80
1,2,3,5,7,10,13,15,  4,6,8,9,11,12,14,16,  80
1,2,3,5,7,11,12,15,  4,6,8,9,10,13,14,16,  80
1,2,3,5,7,11,13,14,  4,6,8,9,10,12,15,16,  80
1,2,3,5,8,9,12,16,  4,6,7,10,11,13,14,15,  80
1,2,3,5,8,9,13,15,  4,6,7,10,11,12,14,16,  80
1,2,3,5,8,10,11,16,  4,6,7,9,12,13,14,15,  80
1,2,3,5,8,10,12,15,  4,6,7,9,11,13,14,16,  80
1,2,3,5,8,10,13,14,  4,6,7,9,11,12,15,16,  80
1,2,3,5,8,11,12,14,  4,6,7,9,10,13,15,16,  80
1,2,3,5,8,14,15,16,  4,6,7,9,10,11,12,13,  72
1,2,3,5,9,10,11,15,  4,6,7,8,12,13,14,16,  80
1,2,3,5,9,10,12,14,  4,6,7,8,11,13,15,16,  80
1,2,3,5,9,11,12,13,  4,6,7,8,10,14,15,16,  80
1,2,3,5,9,13,15,16,  4,6,7,8,10,11,12,14,  72
1,2,3,5,10,12,15,16,  4,6,7,8,9,11,13,14,  72
1,2,3,5,10,13,14,16,  4,6,7,8,9,11,12,15,  72
1,2,3,5,11,12,14,16,  4,6,7,8,9,10,13,15,  72
1,2,3,5,11,13,14,15,  4,6,7,8,9,10,12,16,  72
1,2,3,6,7,8,9,12,  4,5,10,11,13,14,15,16,  88
1,2,3,6,7,8,10,11,  4,5,9,12,13,14,15,16,  88
1,2,3,6,7,8,13,16,  4,5,9,10,11,12,14,15,  80
1,2,3,6,7,8,14,15,  4,5,9,10,11,12,13,16,  80
1,2,3,6,7,9,12,16,  4,5,8,10,11,13,14,15,  80
1,2,3,6,7,9,13,15,  4,5,8,10,11,12,14,16,  80
1,2,3,6,7,10,11,16,  4,5,8,9,12,13,14,15,  80
1,2,3,6,7,10,12,15,  4,5,8,9,11,13,14,16,  80
1,2,3,6,7,10,13,14,  4,5,8,9,11,12,15,16,  80
1,2,3,6,7,11,12,14,  4,5,8,9,10,13,15,16,  80
1,2,3,6,7,14,15,16,  4,5,8,9,10,11,12,13,  72
1,2,3,6,8,9,11,16,  4,5,7,10,12,13,14,15,  80
1,2,3,6,8,9,12,15,  4,5,7,10,11,13,14,16,  80
1,2,3,6,8,9,13,14,  4,5,7,10,11,12,15,16,  80
1,2,3,6,8,10,11,15,  4,5,7,9,12,13,14,16,  80
1,2,3,6,8,10,12,14,  4,5,7,9,11,13,15,16,  80
1,2,3,6,8,11,12,13,  4,5,7,9,10,14,15,16,  80
1,2,3,6,8,13,15,16,  4,5,7,9,10,11,12,14,  72
1,2,3,6,9,10,11,14,  4,5,7,8,12,13,15,16,  80
1,2,3,6,9,10,12,13,  4,5,7,8,11,14,15,16,  80
1,2,3,6,9,12,15,16,  4,5,7,8,10,11,13,14,  72
1,2,3,6,9,13,14,16,  4,5,7,8,10,11,12,15,  72
1,2,3,6,10,11,15,16,  4,5,7,8,9,12,13,14,  72
1,2,3,6,10,12,14,16,  4,5,7,8,9,11,13,15,  72
1,2,3,6,10,13,14,15,  4,5,7,8,9,11,12,16,  72
1,2,3,6,11,12,13,16,  4,5,7,8,9,10,14,15,  72
1,2,3,6,11,12,14,15,  4,5,7,8,9,10,13,16,  72
1,2,3,7,8,9,10,16,  4,5,6,11,12,13,14,15,  80
1,2,3,7,8,9,11,15,  4,5,6,10,12,13,14,16,  80
1,2,3,7,8,9,12,14,  4,5,6,10,11,13,15,16,  80
1,2,3,7,8,10,11,14,  4,5,6,9,12,13,15,16,  80
1,2,3,7,8,10,12,13,  4,5,6,9,11,14,15,16,  80
1,2,3,7,8,12,15,16,  4,5,6,9,10,11,13,14,  72
1,2,3,7,8,13,14,16,  4,5,6,9,10,11,12,15,  72
1,2,3,7,9,10,11,13,  4,5,6,8,12,14,15,16,  80
1,2,3,7,9,11,15,16,  4,5,6,8,10,12,13,14,  72
1,2,3,7,9,12,14,16,  4,5,6,8,10,11,13,15,  72
1,2,3,7,9,13,14,15,  4,5,6,8,10,11,12,16,  72
1,2,3,7,10,11,14,16,  4,5,6,8,9,12,13,15,  72
1,2,3,7,10,12,13,16,  4,5,6,8,9,11,14,15,  72
1,2,3,7,10,12,14,15,  4,5,6,8,9,11,13,16,  72
1,2,3,7,11,12,13,15,  4,5,6,8,9,10,14,16,  72
1,2,3,8,9,10,11,12,  4,5,6,7,13,14,15,16,  80
1,2,3,8,9,10,15,16,  4,5,6,7,11,12,13,14,  72
1,2,3,8,9,11,14,16,  4,5,6,7,10,12,13,15,  72
1,2,3,8,9,12,13,16,  4,5,6,7,10,11,14,15,  72
1,2,3,8,9,12,14,15,  4,5,6,7,10,11,13,16,  72
1,2,3,8,10,11,13,16,  4,5,6,7,9,12,14,15,  72
1,2,3,8,10,11,14,15,  4,5,6,7,9,12,13,16,  72
1,2,3,8,10,12,13,15,  4,5,6,7,9,11,14,16,  72
1,2,3,8,11,12,13,14,  4,5,6,7,9,10,15,16,  72
1,2,3,8,13,14,15,16,  4,5,6,7,9,10,11,12,  64
1,2,3,9,10,11,12,16,  4,5,6,7,8,13,14,15,  72
1,2,3,9,10,11,13,15,  4,5,6,7,8,12,14,16,  72
1,2,3,9,10,12,13,14,  4,5,6,7,8,11,15,16,  72
1,2,3,9,12,14,15,16,  4,5,6,7,8,10,11,13,  64
1,2,3,10,11,14,15,16,  4,5,6,7,8,9,12,13,  64
1,2,3,10,12,13,15,16,  4,5,6,7,8,9,11,14,  64
1,2,3,11,12,13,14,16,  4,5,6,7,8,9,10,15,  64
1,2,4,5,6,7,8,15,  3,9,10,11,12,13,14,16,  88
1,2,4,5,6,7,9,14,  3,8,10,11,12,13,15,16,  88
1,2,4,5,6,7,10,13,  3,8,9,11,12,14,15,16,  88
1,2,4,5,6,7,11,12,  3,8,9,10,13,14,15,16,  88
1,2,4,5,6,7,15,16,  3,8,9,10,11,12,13,14,  80
1,2,4,5,6,8,9,13,  3,7,10,11,12,14,15,16,  88
1,2,4,5,6,8,10,12,  3,7,9,11,13,14,15,16,  88
1,2,4,5,6,8,14,16,  3,7,9,10,11,12,13,15,  80
1,2,4,5,6,9,10,11,  3,7,8,12,13,14,15,16,  88
1,2,4,5,6,9,13,16,  3,7,8,10,11,12,14,15,  80
1,2,4,5,6,9,14,15,  3,7,8,10,11,12,13,16,  80
1,2,4,5,6,10,12,16,  3,7,8,9,11,13,14,15,  80
1,2,4,5,6,10,13,15,  3,7,8,9,11,12,14,16,  80
1,2,4,5,6,11,12,15,  3,7,8,9,10,13,14,16,  80
1,2,4,5,6,11,13,14,  3,7,8,9,10,12,15,16,  80
1,2,4,5,7,8,9,12,  3,6,10,11,13,14,15,16,  88
1,2,4,5,7,8,10,11,  3,6,9,12,13,14,15,16,  88
1,2,4,5,7,8,13,16,  3,6,9,10,11,12,14,15,  80
1,2,4,5,7,8,14,15,  3,6,9,10,11,12,13,16,  80
1,2,4,5,7,9,12,16,  3,6,8,10,11,13,14,15,  80
1,2,4,5,7,9,13,15,  3,6,8,10,11,12,14,16,  80
1,2,4,5,7,10,11,16,  3,6,8,9,12,13,14,15,  80
1,2,4,5,7,10,12,15,  3,6,8,9,11,13,14,16,  80
1,2,4,5,7,10,13,14,  3,6,8,9,11,12,15,16,  80
1,2,4,5,7,11,12,14,  3,6,8,9,10,13,15,16,  80
1,2,4,5,7,14,15,16,  3,6,8,9,10,11,12,13,  72
1,2,4,5,8,9,11,16,  3,6,7,10,12,13,14,15,  80
1,2,4,5,8,9,12,15,  3,6,7,10,11,13,14,16,  80
1,2,4,5,8,9,13,14,  3,6,7,10,11,12,15,16,  80
1,2,4,5,8,10,11,15,  3,6,7,9,12,13,14,16,  80
1,2,4,5,8,10,12,14,  3,6,7,9,11,13,15,16,  80
1,2,4,5,8,11,12,13,  3,6,7,9,10,14,15,16,  80
1,2,4,5,8,13,15,16,  3,6,7,9,10,11,12,14,  72
1,2,4,5,9,10,11,14,  3,6,7,8,12,13,15,16,  80
1,2,4,5,9,10,12,13,  3,6,7,8,11,14,15,16,  80
1,2,4,5,9,12,15,16,  3,6,7,8,10,11,13,14,  72
1,2,4,5,9,13,14,16,  3,6,7,8,10,11,12,15,  72
1,2,4,5,10,11,15,16,  3,6,7,8,9,12,13,14,  72
1,2,4,5,10,12,14,16,  3,6,7,8,9,11,13,15,  72
1,2,4,5,10,13,14,15,  3,6,7,8,9,11,12,16,  72
1,2,4,5,11,12,13,16,  3,6,7,8,9,10,14,15,  72
1,2,4,5,11,12,14,15,  3,6,7,8,9,10,13,16,  72
1,2,4,6,7,8,9,11,  3,5,10,12,13,14,15,16,  88
1,2,4,6,7,8,12,16,  3,5,9,10,11,13,14,15,  80
1,2,4,6,7,8,13,15,  3,5,9,10,11,12,14,16,  80
1,2,4,6,7,9,11,16,  3,5,8,10,12,13,14,15,  80
1,2,4,6,7,9,12,15,  3,5,8,10,11,13,14,16,  80
1,2,4,6,7,9,13,14,  3,5,8,10,11,12,15,16,  80
1,2,4,6,7,10,11,15,  3,5,8,9,12,13,14,16,  80
1,2,4,6,7,10,12,14,  3,5,8,9,11,13,15,16,  80
1,2,4,6,7,11,12,13,  3,5,8,9,10,14,15,16,  80
1,2,4,6,7,13,15,16,  3,5,8,9,10,11,12,14,  72
1,2,4,6,8,9,10,16,  3,5,7,11,12,13,14,15,  80
1,2,4,6,8,9,11,15,  3,5,7,10,12,13,14,16,  80
1,2,4,6,8,9,12,14,  3,5,7,10,11,13,15,16,  80
1,2,4,6,8,10,11,14,  3,5,7,9,12,13,15,16,  80
1,2,4,6,8,10,12,13,  3,5,7,9,11,14,15,16,  80
1,2,4,6,8,12,15,16,  3,5,7,9,10,11,13,14,  72
1,2,4,6,8,13,14,16,  3,5,7,9,10,11,12,15,  72
1,2,4,6,9,10,11,13,  3,5,7,8,12,14,15,16,  80
1,2,4,6,9,11,15,16,  3,5,7,8,10,12,13,14,  72
1,2,4,6,9,12,14,16,  3,5,7,8,10,11,13,15,  72
1,2,4,6,9,13,14,15,  3,5,7,8,10,11,12,16,  72
1,2,4,6,10,11,14,16,  3,5,7,8,9,12,13,15,  72
1,2,4,6,10,12,13,16,  3,5,7,8,9,11,14,15,  72
1,2,4,6,10,12,14,15,  3,5,7,8,9,11,13,16,  72
1,2,4,6,11,12,13,15,  3,5,7,8,9,10,14,16,  72
1,2,4,7,8,9,10,15,  3,5,6,11,12,13,14,16,  80
1,2,4,7,8,9,11,14,  3,5,6,10,12,13,15,16,  80
1,2,4,7,8,9,12,13,  3,5,6,10,11,14,15,16,  80
1,2,4,7,8,10,11,13,  3,5,6,9,12,14,15,16,  80
1,2,4,7,8,11,15,16,  3,5,6,9,10,12,13,14,  72
1,2,4,7,8,12,14,16,  3,5,6,9,10,11,13,15,  72
1,2,4,7,8,13,14,15,  3,5,6,9,10,11,12,16,  72
1,2,4,7,9,10,11,12,  3,5,6,8,13,14,15,16,  80
1,2,4,7,9,10,15,16,  3,5,6,8,11,12,13,14,  72
1,2,4,7,9,11,14,16,  3,5,6,8,10,12,13,15,  72
1,2,4,7,9,12,13,16,  3,5,6,8,10,11,14,15,  72
1,2,4,7,9,12,14,15,  3,5,6,8,10,11,13,16,  72
1,2,4,7,10,11,13,16,  3,5,6,8,9,12,14,15,  72
1,2,4,7,10,11,14,15,  3,5,6,8,9,12,13,16,  72
1,2,4,7,10,12,13,15,  3,5,6,8,9,11,14,16,  72
1,2,4,7,11,12,13,14,  3,5,6,8,9,10,15,16,  72
1,2,4,7,13,14,15,16,  3,5,6,8,9,10,11,12,  64
1,2,4,8,9,10,14,16,  3,5,6,7,11,12,13,15,  72
1,2,4,8,9,11,13,16,  3,5,6,7,10,12,14,15,  72
1,2,4,8,9,11,14,15,  3,5,6,7,10,12,13,16,  72
1,2,4,8,9,12,13,15,  3,5,6,7,10,11,14,16,  72
1,2,4,8,10,11,12,16,  3,5,6,7,9,13,14,15,  72
1,2,4,8,10,11,13,15,  3,5,6,7,9,12,14,16,  72
1,2,4,8,10,12,13,14,  3,5,6,7,9,11,15,16,  72
1,2,4,8,12,14,15,16,  3,5,6,7,9,10,11,13,  64
1,2,4,9,10,11,12,15,  3,5,6,7,8,13,14,16,  72
1,2,4,9,10,11,13,14,  3,5,6,7,8,12,15,16,  72
1,2,4,9,11,14,15,16,  3,5,6,7,8,10,12,13,  64
1,2,4,9,12,13,15,16,  3,5,6,7,8,10,11,14,  64
1,2,4,10,11,13,15,16,  3,5,6,7,8,9,12,14,  64
1,2,4,10,12,13,14,16,  3,5,6,7,8,9,11,15,  64
1,2,4,11,12,13,14,15,  3,5,6,7,8,9,10,16,  64
1,2,5,6,7,8,9,10,  3,4,11,12,13,14,15,16,  88
1,2,5,6,7,8,11,16,  3,4,9,10,12,13,14,15,  80
1,2,5,6,7,8,12,15,  3,4,9,10,11,13,14,16,  80
1,2,5,6,7,8,13,14,  3,4,9,10,11,12,15,16,  80
1,2,5,6,7,9,10,16,  3,4,8,11,12,13,14,15,  80
1,2,5,6,7,9,11,15,  3,4,8,10,12,13,14,16,  80
1,2,5,6,7,9,12,14,  3,4,8,10,11,13,15,16,  80
1,2,5,6,7,10,11,14,  3,4,8,9,12,13,15,16,  80
1,2,5,6,7,10,12,13,  3,4,8,9,11,14,15,16,  80
1,2,5,6,7,12,15,16,  3,4,8,9,10,11,13,14,  72
1,2,5,6,7,13,14,16,  3,4,8,9,10,11,12,15,  72
1,2,5,6,8,9,10,15,  3,4,7,11,12,13,14,16,  80
1,2,5,6,8,9,11,14,  3,4,7,10,12,13,15,16,  80
1,2,5,6,8,9,12,13,  3,4,7,10,11,14,15,16,  80
1,2,5,6,8,10,11,13,  3,4,7,9,12,14,15,16,  80
1,2,5,6,8,11,15,16,  3,4,7,9,10,12,13,14,  72
1,2,5,6,8,12,14,16,  3,4,7,9,10,11,13,15,  72
1,2,5,6,8,13,14,15,  3,4,7,9,10,11,12,16,  72
1,2,5,6,9,10,11,12,  3,4,7,8,13,14,15,16,  80
1,2,5,6,9,10,15,16,  3,4,7,8,11,12,13,14,  72
1,2,5,6,9,11,14,16,  3,4,7,8,10,12,13,15,  72
1,2,5,6,9,12,13,16,  3,4,7,8,10,11,14,15,  72
1,2,5,6,9,12,14,15,  3,4,7,8,10,11,13,16,  72
1,2,5,6,10,11,13,16,  3,4,7,8,9,12,14,15,  72
1,2,5,6,10,11,14,15,  3,4,7,8,9,12,13,16,  72
1,2,5,6,10,12,13,15,  3,4,7,8,9,11,14,16,  72
1,2,5,6,11,12,13,14,  3,4,7,8,9,10,15,16,  72
1,2,5,6,13,14,15,16,  3,4,7,8,9,10,11,12,  64
1,2,5,7,8,9,10,14,  3,4,6,11,12,13,15,16,  80
1,2,5,7,8,9,11,13,  3,4,6,10,12,14,15,16,  80
1,2,5,7,8,10,11,12,  3,4,6,9,13,14,15,16,  80
1,2,5,7,8,10,15,16,  3,4,6,9,11,12,13,14,  72
1,2,5,7,8,11,14,16,  3,4,6,9,10,12,13,15,  72
1,2,5,7,8,12,13,16,  3,4,6,9,10,11,14,15,  72
1,2,5,7,8,12,14,15,  3,4,6,9,10,11,13,16,  72
1,2,5,7,9,10,14,16,  3,4,6,8,11,12,13,15,  72
1,2,5,7,9,11,13,16,  3,4,6,8,10,12,14,15,  72
1,2,5,7,9,11,14,15,  3,4,6,8,10,12,13,16,  72
1,2,5,7,9,12,13,15,  3,4,6,8,10,11,14,16,  72
1,2,5,7,10,11,12,16,  3,4,6,8,9,13,14,15,  72
1,2,5,7,10,11,13,15,  3,4,6,8,9,12,14,16,  72
1,2,5,7,10,12,13,14,  3,4,6,8,9,11,15,16,  72
1,2,5,7,12,14,15,16,  3,4,6,8,9,10,11,13,  64
1,2,5,8,9,10,13,16,  3,4,6,7,11,12,14,15,  72
1,2,5,8,9,10,14,15,  3,4,6,7,11,12,13,16,  72
1,2,5,8,9,11,12,16,  3,4,6,7,10,13,14,15,  72
1,2,5,8,9,11,13,15,  3,4,6,7,10,12,14,16,  72
1,2,5,8,9,12,13,14,  3,4,6,7,10,11,15,16,  72
1,2,5,8,10,11,12,15,  3,4,6,7,9,13,14,16,  72
1,2,5,8,10,11,13,14,  3,4,6,7,9,12,15,16,  72
1,2,5,8,11,14,15,16,  3,4,6,7,9,10,12,13,  64
1,2,5,8,12,13,15,16,  3,4,6,7,9,10,11,14,  64
1,2,5,9,10,11,12,14,  3,4,6,7,8,13,15,16,  72
1,2,5,9,10,14,15,16,  3,4,6,7,8,11,12,13,  64
1,2,5,9,11,13,15,16,  3,4,6,7,8,10,12,14,  64
1,2,5,9,12,13,14,16,  3,4,6,7,8,10,11,15,  64
1,2,5,10,11,12,15,16,  3,4,6,7,8,9,13,14,  64
1,2,5,10,11,13,14,16,  3,4,6,7,8,9,12,15,  64
1,2,5,10,12,13,14,15,  3,4,6,7,8,9,11,16,  64
1,2,6,7,8,9,10,13,  3,4,5,11,12,14,15,16,  80
1,2,6,7,8,9,11,12,  3,4,5,10,13,14,15,16,  80
1,2,6,7,8,9,15,16,  3,4,5,10,11,12,13,14,  72
1,2,6,7,8,10,14,16,  3,4,5,9,11,12,13,15,  72
1,2,6,7,8,11,13,16,  3,4,5,9,10,12,14,15,  72
1,2,6,7,8,11,14,15,  3,4,5,9,10,12,13,16,  72
1,2,6,7,8,12,13,15,  3,4,5,9,10,11,14,16,  72
1,2,6,7,9,10,13,16,  3,4,5,8,11,12,14,15,  72
1,2,6,7,9,10,14,15,  3,4,5,8,11,12,13,16,  72
1,2,6,7,9,11,12,16,  3,4,5,8,10,13,14,15,  72
1,2,6,7,9,11,13,15,  3,4,5,8,10,12,14,16,  72
1,2,6,7,9,12,13,14,  3,4,5,8,10,11,15,16,  72
1,2,6,7,10,11,12,15,  3,4,5,8,9,13,14,16,  72
1,2,6,7,10,11,13,14,  3,4,5,8,9,12,15,16,  72
1,2,6,7,11,14,15,16,  3,4,5,8,9,10,12,13,  64
1,2,6,7,12,13,15,16,  3,4,5,8,9,10,11,14,  64
1,2,6,8,9,10,12,16,  3,4,5,7,11,13,14,15,  72
1,2,6,8,9,10,13,15,  3,4,5,7,11,12,14,16,  72
1,2,6,8,9,11,12,15,  3,4,5,7,10,13,14,16,  72
1,2,6,8,9,11,13,14,  3,4,5,7,10,12,15,16,  72
1,2,6,8,10,11,12,14,  3,4,5,7,9,13,15,16,  72
1,2,6,8,10,14,15,16,  3,4,5,7,9,11,12,13,  64
1,2,6,8,11,13,15,16,  3,4,5,7,9,10,12,14,  64
1,2,6,8,12,13,14,16,  3,4,5,7,9,10,11,15,  64
1,2,6,9,10,11,12,13,  3,4,5,7,8,14,15,16,  72
1,2,6,9,10,13,15,16,  3,4,5,7,8,11,12,14,  64
1,2,6,9,11,12,15,16,  3,4,5,7,8,10,13,14,  64
1,2,6,9,11,13,14,16,  3,4,5,7,8,10,12,15,  64
1,2,6,9,12,13,14,15,  3,4,5,7,8,10,11,16,  64
1,2,6,10,11,12,14,16,  3,4,5,7,8,9,13,15,  64
1,2,6,10,11,13,14,15,  3,4,5,7,8,9,12,16,  64
1,2,7,8,9,10,11,16,  3,4,5,6,12,13,14,15,  72
1,2,7,8,9,10,12,15,  3,4,5,6,11,13,14,16,  72
1,2,7,8,9,10,13,14,  3,4,5,6,11,12,15,16,  72
1,2,7,8,9,11,12,14,  3,4,5,6,10,13,15,16,  72
1,2,7,8,9,14,15,16,  3,4,5,6,10,11,12,13,  64
1,2,7,8,10,11,12,13,  3,4,5,6,9,14,15,16,  72
1,2,7,8,10,13,15,16,  3,4,5,6,9,11,12,14,  64
1,2,7,8,11,12,15,16,  3,4,5,6,9,10,13,14,  64
1,2,7,8,11,13,14,16,  3,4,5,6,9,10,12,15,  64
1,2,7,8,12,13,14,15,  3,4,5,6,9,10,11,16,  64
1,2,7,9,10,12,15,16,  3,4,5,6,8,11,13,14,  64
1,2,7,9,10,13,14,16,  3,4,5,6,8,11,12,15,  64
1,2,7,9,11,12,14,16,  3,4,5,6,8,10,13,15,  64
1,2,7,9,11,13,14,15,  3,4,5,6,8,10,12,16,  64
1,2,7,10,11,12,13,16,  3,4,5,6,8,9,14,15,  64
1,2,7,10,11,12,14,15,  3,4,5,6,8,9,13,16,  64
1,2,7,12,13,14,15,16,  3,4,5,6,8,9,10,11,  56
1,2,8,9,10,11,15,16,  3,4,5,6,7,12,13,14,  64
1,2,8,9,10,12,14,16,  3,4,5,6,7,11,13,15,  64
1,2,8,9,10,13,14,15,  3,4,5,6,7,11,12,16,  64
1,2,8,9,11,12,13,16,  3,4,5,6,7,10,14,15,  64
1,2,8,9,11,12,14,15,  3,4,5,6,7,10,13,16,  64
1,2,8,10,11,12,13,15,  3,4,5,6,7,9,14,16,  64
1,2,8,11,13,14,15,16,  3,4,5,6,7,9,10,12,  56
1,2,9,10,11,12,13,14,  3,4,5,6,7,8,15,16,  64
1,2,9,10,13,14,15,16,  3,4,5,6,7,8,11,12,  56
1,2,9,11,12,14,15,16,  3,4,5,6,7,8,10,13,  56
1,2,10,11,12,13,15,16,  3,4,5,6,7,8,9,14,  56
1,3,4,5,6,7,8,14,  2,9,10,11,12,13,15,16,  88
1,3,4,5,6,7,9,13,  2,8,10,11,12,14,15,16,  88
1,3,4,5,6,7,10,12,  2,8,9,11,13,14,15,16,  88
1,3,4,5,6,7,14,16,  2,8,9,10,11,12,13,15,  80
1,3,4,5,6,8,9,12,  2,7,10,11,13,14,15,16,  88
1,3,4,5,6,8,10,11,  2,7,9,12,13,14,15,16,  88
1,3,4,5,6,8,13,16,  2,7,9,10,11,12,14,15,  80
1,3,4,5,6,8,14,15,  2,7,9,10,11,12,13,16,  80
1,3,4,5,6,9,12,16,  2,7,8,10,11,13,14,15,  80
1,3,4,5,6,9,13,15,  2,7,8,10,11,12,14,16,  80
1,3,4,5,6,10,11,16,  2,7,8,9,12,13,14,15,  80
1,3,4,5,6,10,12,15,  2,7,8,9,11,13,14,16,  80
1,3,4,5,6,10,13,14,  2,7,8,9,11,12,15,16,  80
1,3,4,5,6,11,12,14,  2,7,8,9,10,13,15,16,  80
1,3,4,5,6,14,15,16,  2,7,8,9,10,11,12,13,  72
1,3,4,5,7,8,9,11,  2,6,10,12,13,14,15,16,  88
1,3,4,5,7,8,12,16,  2,6,9,10,11,13,14,15,  80
1,3,4,5,7,8,13,15,  2,6,9,10,11,12,14,16,  80
1,3,4,5,7,9,11,16,  2,6,8,10,12,13,14,15,  80
1,3,4,5,7,9,12,15,  2,6,8,10,11,13,14,16,  80
1,3,4,5,7,9,13,14,  2,6,8,10,11,12,15,16,  80
1,3,4,5,7,10,11,15,  2,6,8,9,12,13,14,16,  80
1,3,4,5,7,10,12,14,  2,6,8,9,11,13,15,16,  80
1,3,4,5,7,11,12,13,  2,6,8,9,10,14,15,16,  80
1,3,4,5,7,13,15,16,  2,6,8,9,10,11,12,14,  72
1,3,4,5,8,9,10,16,  2,6,7,11,12,13,14,15,  80
1,3,4,5,8,9,11,15,  2,6,7,10,12,13,14,16,  80
1,3,4,5,8,9,12,14,  2,6,7,10,11,13,15,16,  80
1,3,4,5,8,10,11,14,  2,6,7,9,12,13,15,16,  80
1,3,4,5,8,10,12,13,  2,6,7,9,11,14,15,16,  80
1,3,4,5,8,12,15,16,  2,6,7,9,10,11,13,14,  72
1,3,4,5,8,13,14,16,  2,6,7,9,10,11,12,15,  72
1,3,4,5,9,10,11,13,  2,6,7,8,12,14,15,16,  80
1,3,4,5,9,11,15,16,  2,6,7,8,10,12,13,14,  72
1,3,4,5,9,12,14,16,  2,6,7,8,10,11,13,15,  72
1,3,4,5,9,13,14,15,  2,6,7,8,10,11,12,16,  72
1,3,4,5,10,11,14,16,  2,6,7,8,9,12,13,15,  72
1,3,4,5,10,12,13,16,  2,6,7,8,9,11,14,15,  72
1,3,4,5,10,12,14,15,  2,6,7,8,9,11,13,16,  72
1,3,4,5,11,12,13,15,  2,6,7,8,9,10,14,16,  72
1,3,4,6,7,8,9,10,  2,5,11,12,13,14,15,16,  88
1,3,4,6,7,8,11,16,  2,5,9,10,12,13,14,15,  80
1,3,4,6,7,8,12,15,  2,5,9,10,11,13,14,16,  80
1,3,4,6,7,8,13,14,  2,5,9,10,11,12,15,16,  80
1,3,4,6,7,9,10,16,  2,5,8,11,12,13,14,15,  80
1,3,4,6,7,9,11,15,  2,5,8,10,12,13,14,16,  80
1,3,4,6,7,9,12,14,  2,5,8,10,11,13,15,16,  80
1,3,4,6,7,10,11,14,  2,5,8,9,12,13,15,16,  80
1,3,4,6,7,10,12,13,  2,5,8,9,11,14,15,16,  80
1,3,4,6,7,12,15,16,  2,5,8,9,10,11,13,14,  72
1,3,4,6,7,13,14,16,  2,5,8,9,10,11,12,15,  72
1,3,4,6,8,9,10,15,  2,5,7,11,12,13,14,16,  80
1,3,4,6,8,9,11,14,  2,5,7,10,12,13,15,16,  80
1,3,4,6,8,9,12,13,  2,5,7,10,11,14,15,16,  80
1,3,4,6,8,10,11,13,  2,5,7,9,12,14,15,16,  80
1,3,4,6,8,11,15,16,  2,5,7,9,10,12,13,14,  72
1,3,4,6,8,12,14,16,  2,5,7,9,10,11,13,15,  72
1,3,4,6,8,13,14,15,  2,5,7,9,10,11,12,16,  72
1,3,4,6,9,10,11,12,  2,5,7,8,13,14,15,16,  80
1,3,4,6,9,10,15,16,  2,5,7,8,11,12,13,14,  72
1,3,4,6,9,11,14,16,  2,5,7,8,10,12,13,15,  72
1,3,4,6,9,12,13,16,  2,5,7,8,10,11,14,15,  72
1,3,4,6,9,12,14,15,  2,5,7,8,10,11,13,16,  72
1,3,4,6,10,11,13,16,  2,5,7,8,9,12,14,15,  72
1,3,4,6,10,11,14,15,  2,5,7,8,9,12,13,16,  72
1,3,4,6,10,12,13,15,  2,5,7,8,9,11,14,16,  72
1,3,4,6,11,12,13,14,  2,5,7,8,9,10,15,16,  72
1,3,4,6,13,14,15,16,  2,5,7,8,9,10,11,12,  64
1,3,4,7,8,9,10,14,  2,5,6,11,12,13,15,16,  80
1,3,4,7,8,9,11,13,  2,5,6,10,12,14,15,16,  80
1,3,4,7,8,10,11,12,  2,5,6,9,13,14,15,16,  80
1,3,4,7,8,10,15,16,  2,5,6,9,11,12,13,14,  72
1,3,4,7,8,11,14,16,  2,5,6,9,10,12,13,15,  72
1,3,4,7,8,12,13,16,  2,5,6,9,10,11,14,15,  72
1,3,4,7,8,12,14,15,  2,5,6,9,10,11,13,16,  72
1,3,4,7,9,10,14,16,  2,5,6,8,11,12,13,15,  72
1,3,4,7,9,11,13,16,  2,5,6,8,10,12,14,15,  72
1,3,4,7,9,11,14,15,  2,5,6,8,10,12,13,16,  72
1,3,4,7,9,12,13,15,  2,5,6,8,10,11,14,16,  72
1,3,4,7,10,11,12,16,  2,5,6,8,9,13,14,15,  72
1,3,4,7,10,11,13,15,  2,5,6,8,9,12,14,16,  72
1,3,4,7,10,12,13,14,  2,5,6,8,9,11,15,16,  72
1,3,4,7,12,14,15,16,  2,5,6,8,9,10,11,13,  64
1,3,4,8,9,10,13,16,  2,5,6,7,11,12,14,15,  72
1,3,4,8,9,10,14,15,  2,5,6,7,11,12,13,16,  72
1,3,4,8,9,11,12,16,  2,5,6,7,10,13,14,15,  72
1,3,4,8,9,11,13,15,  2,5,6,7,10,12,14,16,  72
1,3,4,8,9,12,13,14,  2,5,6,7,10,11,15,16,  72
1,3,4,8,10,11,12,15,  2,5,6,7,9,13,14,16,  72
1,3,4,8,10,11,13,14,  2,5,6,7,9,12,15,16,  72
1,3,4,8,11,14,15,16,  2,5,6,7,9,10,12,13,  64
1,3,4,8,12,13,15,16,  2,5,6,7,9,10,11,14,  64
1,3,4,9,10,11,12,14,  2,5,6,7,8,13,15,16,  72
1,3,4,9,10,14,15,16,  2,5,6,7,8,11,12,13,  64
1,3,4,9,11,13,15,16,  2,5,6,7,8,10,12,14,  64
1,3,4,9,12,13,14,16,  2,5,6,7,8,10,11,15,  64
1,3,4,10,11,12,15,16,  2,5,6,7,8,9,13,14,  64
1,3,4,10,11,13,14,16,  2,5,6,7,8,9,12,15,  64
1,3,4,10,12,13,14,15,  2,5,6,7,8,9,11,16,  64
1,3,5,6,7,8,10,16,  2,4,9,11,12,13,14,15,  80
1,3,5,6,7,8,11,15,  2,4,9,10,12,13,14,16,  80
1,3,5,6,7,8,12,14,  2,4,9,10,11,13,15,16,  80
1,3,5,6,7,9,10,15,  2,4,8,11,12,13,14,16,  80
1,3,5,6,7,9,11,14,  2,4,8,10,12,13,15,16,  80
1,3,5,6,7,9,12,13,  2,4,8,10,11,14,15,16,  80
1,3,5,6,7,10,11,13,  2,4,8,9,12,14,15,16,  80
1,3,5,6,7,11,15,16,  2,4,8,9,10,12,13,14,  72
1,3,5,6,7,12,14,16,  2,4,8,9,10,11,13,15,  72
1,3,5,6,7,13,14,15,  2,4,8,9,10,11,12,16,  72
1,3,5,6,8,9,10,14,  2,4,7,11,12,13,15,16,  80
1,3,5,6,8,9,11,13,  2,4,7,10,12,14,15,16,  80
1,3,5,6,8,10,11,12,  2,4,7,9,13,14,15,16,  80
1,3,5,6,8,10,15,16,  2,4,7,9,11,12,13,14,  72
1,3,5,6,8,11,14,16,  2,4,7,9,10,12,13,15,  72
1,3,5,6,8,12,13,16,  2,4,7,9,10,11,14,15,  72
1,3,5,6,8,12,14,15,  2,4,7,9,10,11,13,16,  72
1,3,5,6,9,10,14,16,  2,4,7,8,11,12,13,15,  72
1,3,5,6,9,11,13,16,  2,4,7,8,10,12,14,15,  72
1,3,5,6,9,11,14,15,  2,4,7,8,10,12,13,16,  72
1,3,5,6,9,12,13,15,  2,4,7,8,10,11,14,16,  72
1,3,5,6,10,11,12,16,  2,4,7,8,9,13,14,15,  72
1,3,5,6,10,11,13,15,  2,4,7,8,9,12,14,16,  72
1,3,5,6,10,12,13,14,  2,4,7,8,9,11,15,16,  72
1,3,5,6,12,14,15,16,  2,4,7,8,9,10,11,13,  64
1,3,5,7,8,9,10,13,  2,4,6,11,12,14,15,16,  80
1,3,5,7,8,9,11,12,  2,4,6,10,13,14,15,16,  80
1,3,5,7,8,9,15,16,  2,4,6,10,11,12,13,14,  72
1,3,5,7,8,10,14,16,  2,4,6,9,11,12,13,15,  72
1,3,5,7,8,11,13,16,  2,4,6,9,10,12,14,15,  72
1,3,5,7,8,11,14,15,  2,4,6,9,10,12,13,16,  72
1,3,5,7,8,12,13,15,  2,4,6,9,10,11,14,16,  72
1,3,5,7,9,10,13,16,  2,4,6,8,11,12,14,15,  72
1,3,5,7,9,10,14,15,  2,4,6,8,11,12,13,16,  72
1,3,5,7,9,11,12,16,  2,4,6,8,10,13,14,15,  72
1,3,5,7,9,11,13,15,  2,4,6,8,10,12,14,16,  72
1,3,5,7,9,12,13,14,  2,4,6,8,10,11,15,16,  72
1,3,5,7,10,11,12,15,  2,4,6,8,9,13,14,16,  72
1,3,5,7,10,11,13,14,  2,4,6,8,9,12,15,16,  72
1,3,5,7,11,14,15,16,  2,4,6,8,9,10,12,13,  64
1,3,5,7,12,13,15,16,  2,4,6,8,9,10,11,14,  64
1,3,5,8,9,10,12,16,  2,4,6,7,11,13,14,15,  72
1,3,5,8,9,10,13,15,  2,4,6,7,11,12,14,16,  72
1,3,5,8,9,11,12,15,  2,4,6,7,10,13,14,16,  72
1,3,5,8,9,11,13,14,  2,4,6,7,10,12,15,16,  72
1,3,5,8,10,11,12,14,  2,4,6,7,9,13,15,16,  72
1,3,5,8,10,14,15,16,  2,4,6,7,9,11,12,13,  64
1,3,5,8,11,13,15,16,  2,4,6,7,9,10,12,14,  64
1,3,5,8,12,13,14,16,  2,4,6,7,9,10,11,15,  64
1,3,5,9,10,11,12,13,  2,4,6,7,8,14,15,16,  72
1,3,5,9,10,13,15,16,  2,4,6,7,8,11,12,14,  64
1,3,5,9,11,12,15,16,  2,4,6,7,8,10,13,14,  64
1,3,5,9,11,13,14,16,  2,4,6,7,8,10,12,15,  64
1,3,5,9,12,13,14,15,  2,4,6,7,8,10,11,16,  64
1,3,5,10,11,12,14,16,  2,4,6,7,8,9,13,15,  64
1,3,5,10,11,13,14,15,  2,4,6,7,8,9,12,16,  64
1,3,6,7,8,9,10,12,  2,4,5,11,13,14,15,16,  80
1,3,6,7,8,9,14,16,  2,4,5,10,11,12,13,15,  72
1,3,6,7,8,10,13,16,  2,4,5,9,11,12,14,15,  72
1,3,6,7,8,10,14,15,  2,4,5,9,11,12,13,16,  72
1,3,6,7,8,11,12,16,  2,4,5,9,10,13,14,15,  72
1,3,6,7,8,11,13,15,  2,4,5,9,10,12,14,16,  72
1,3,6,7,8,12,13,14,  2,4,5,9,10,11,15,16,  72
1,3,6,7,9,10,12,16,  2,4,5,8,11,13,14,15,  72
1,3,6,7,9,10,13,15,  2,4,5,8,11,12,14,16,  72
1,3,6,7,9,11,12,15,  2,4,5,8,10,13,14,16,  72
1,3,6,7,9,11,13,14,  2,4,5,8,10,12,15,16,  72
1,3,6,7,10,11,12,14,  2,4,5,8,9,13,15,16,  72
1,3,6,7,10,14,15,16,  2,4,5,8,9,11,12,13,  64
1,3,6,7,11,13,15,16,  2,4,5,8,9,10,12,14,  64
1,3,6,7,12,13,14,16,  2,4,5,8,9,10,11,15,  64
1,3,6,8,9,10,11,16,  2,4,5,7,12,13,14,15,  72
1,3,6,8,9,10,12,15,  2,4,5,7,11,13,14,16,  72
1,3,6,8,9,10,13,14,  2,4,5,7,11,12,15,16,  72
1,3,6,8,9,11,12,14,  2,4,5,7,10,13,15,16,  72
1,3,6,8,9,14,15,16,  2,4,5,7,10,11,12,13,  64
1,3,6,8,10,11,12,13,  2,4,5,7,9,14,15,16,  72
1,3,6,8,10,13,15,16,  2,4,5,7,9,11,12,14,  64
1,3,6,8,11,12,15,16,  2,4,5,7,9,10,13,14,  64
1,3,6,8,11,13,14,16,  2,4,5,7,9,10,12,15,  64
1,3,6,8,12,13,14,15,  2,4,5,7,9,10,11,16,  64
1,3,6,9,10,12,15,16,  2,4,5,7,8,11,13,14,  64
1,3,6,9,10,13,14,16,  2,4,5,7,8,11,12,15,  64
1,3,6,9,11,12,14,16,  2,4,5,7,8,10,13,15,  64
1,3,6,9,11,13,14,15,  2,4,5,7,8,10,12,16,  64
1,3,6,10,11,12,13,16,  2,4,5,7,8,9,14,15,  64
1,3,6,10,11,12,14,15,  2,4,5,7,8,9,13,16,  64
1,3,6,12,13,14,15,16,  2,4,5,7,8,9,10,11,  56
1,3,7,8,9,10,11,15,  2,4,5,6,12,13,14,16,  72
1,3,7,8,9,10,12,14,  2,4,5,6,11,13,15,16,  72
1,3,7,8,9,11,12,13,  2,4,5,6,10,14,15,16,  72
1,3,7,8,9,13,15,16,  2,4,5,6,10,11,12,14,  64
1,3,7,8,10,12,15,16,  2,4,5,6,9,11,13,14,  64
1,3,7,8,10,13,14,16,  2,4,5,6,9,11,12,15,  64
1,3,7,8,11,12,14,16,  2,4,5,6,9,10,13,15,  64
1,3,7,8,11,13,14,15,  2,4,5,6,9,10,12,16,  64
1,3,7,9,10,11,15,16,  2,4,5,6,8,12,13,14,  64
1,3,7,9,10,12,14,16,  2,4,5,6,8,11,13,15,  64
1,3,7,9,10,13,14,15,  2,4,5,6,8,11,12,16,  64
1,3,7,9,11,12,13,16,  2,4,5,6,8,10,14,15,  64
1,3,7,9,11,12,14,15,  2,4,5,6,8,10,13,16,  64
1,3,7,10,11,12,13,15,  2,4,5,6,8,9,14,16,  64
1,3,7,11,13,14,15,16,  2,4,5,6,8,9,10,12,  56
1,3,8,9,10,11,14,16,  2,4,5,6,7,12,13,15,  64
1,3,8,9,10,12,13,16,  2,4,5,6,7,11,14,15,  64
1,3,8,9,10,12,14,15,  2,4,5,6,7,11,13,16,  64
1,3,8,9,11,12,13,15,  2,4,5,6,7,10,14,16,  64
1,3,8,10,11,12,13,14,  2,4,5,6,7,9,15,16,  64
1,3,8,10,13,14,15,16,  2,4,5,6,7,9,11,12,  56
1,3,8,11,12,14,15,16,  2,4,5,6,7,9,10,13,  56
1,3,9,10,12,14,15,16,  2,4,5,6,7,8,11,13,  56
1,3,9,11,12,13,15,16,  2,4,5,6,7,8,10,14,  56
1,3,10,11,12,13,14,16,  2,4,5,6,7,8,9,15,  56
1,4,5,6,7,8,9,16,  2,3,10,11,12,13,14,15,  80
1,4,5,6,7,8,10,15,  2,3,9,11,12,13,14,16,  80
1,4,5,6,7,8,11,14,  2,3,9,10,12,13,15,16,  80
1,4,5,6,7,8,12,13,  2,3,9,10,11,14,15,16,  80
1,4,5,6,7,9,10,14,  2,3,8,11,12,13,15,16,  80
1,4,5,6,7,9,11,13,  2,3,8,10,12,14,15,16,  80
1,4,5,6,7,10,11,12,  2,3,8,9,13,14,15,16,  80
1,4,5,6,7,10,15,16,  2,3,8,9,11,12,13,14,  72
1,4,5,6,7,11,14,16,  2,3,8,9,10,12,13,15,  72
1,4,5,6,7,12,13,16,  2,3,8,9,10,11,14,15,  72
1,4,5,6,7,12,14,15,  2,3,8,9,10,11,13,16,  72
1,4,5,6,8,9,10,13,  2,3,7,11,12,14,15,16,  80
1,4,5,6,8,9,11,12,  2,3,7,10,13,14,15,16,  80
1,4,5,6,8,9,15,16,  2,3,7,10,11,12,13,14,  72
1,4,5,6,8,10,14,16,  2,3,7,9,11,12,13,15,  72
1,4,5,6,8,11,13,16,  2,3,7,9,10,12,14,15,  72
1,4,5,6,8,11,14,15,  2,3,7,9,10,12,13,16,  72
1,4,5,6,8,12,13,15,  2,3,7,9,10,11,14,16,  72
1,4,5,6,9,10,13,16,  2,3,7,8,11,12,14,15,  72
1,4,5,6,9,10,14,15,  2,3,7,8,11,12,13,16,  72
1,4,5,6,9,11,12,16,  2,3,7,8,10,13,14,15,  72
1,4,5,6,9,11,13,15,  2,3,7,8,10,12,14,16,  72
1,4,5,6,9,12,13,14,  2,3,7,8,10,11,15,16,  72
1,4,5,6,10,11,12,15,  2,3,7,8,9,13,14,16,  72
1,4,5,6,10,11,13,14,  2,3,7,8,9,12,15,16,  72
1,4,5,6,11,14,15,16,  2,3,7,8,9,10,12,13,  64
1,4,5,6,12,13,15,16,  2,3,7,8,9,10,11,14,  64
1,4,5,7,8,9,10,12,  2,3,6,11,13,14,15,16,  80
1,4,5,7,8,9,14,16,  2,3,6,10,11,12,13,15,  72
1,4,5,7,8,10,13,16,  2,3,6,9,11,12,14,15,  72
1,4,5,7,8,10,14,15,  2,3,6,9,11,12,13,16,  72
1,4,5,7,8,11,12,16,  2,3,6,9,10,13,14,15,  72
1,4,5,7,8,11,13,15,  2,3,6,9,10,12,14,16,  72
1,4,5,7,8,12,13,14,  2,3,6,9,10,11,15,16,  72
1,4,5,7,9,10,12,16,  2,3,6,8,11,13,14,15,  72
1,4,5,7,9,10,13,15,  2,3,6,8,11,12,14,16,  72
1,4,5,7,9,11,12,15,  2,3,6,8,10,13,14,16,  72
1,4,5,7,9,11,13,14,  2,3,6,8,10,12,15,16,  72
1,4,5,7,10,11,12,14,  2,3,6,8,9,13,15,16,  72
1,4,5,7,10,14,15,16,  2,3,6,8,9,11,12,13,  64
1,4,5,7,11,13,15,16,  2,3,6,8,9,10,12,14,  64
1,4,5,7,12,13,14,16,  2,3,6,8,9,10,11,15,  64
1,4,5,8,9,10,11,16,  2,3,6,7,12,13,14,15,  72
1,4,5,8,9,10,12,15,  2,3,6,7,11,13,14,16,  72
1,4,5,8,9,10,13,14,  2,3,6,7,11,12,15,16,  72
1,4,5,8,9,11,12,14,  2,3,6,7,10,13,15,16,  72
1,4,5,8,9,14,15,16,  2,3,6,7,10,11,12,13,  64
1,4,5,8,10,11,12,13,  2,3,6,7,9,14,15,16,  72
1,4,5,8,10,13,15,16,  2,3,6,7,9,11,12,14,  64
1,4,5,8,11,12,15,16,  2,3,6,7,9,10,13,14,  64
1,4,5,8,11,13,14,16,  2,3,6,7,9,10,12,15,  64
1,4,5,8,12,13,14,15,  2,3,6,7,9,10,11,16,  64
1,4,5,9,10,12,15,16,  2,3,6,7,8,11,13,14,  64
1,4,5,9,10,13,14,16,  2,3,6,7,8,11,12,15,  64
1,4,5,9,11,12,14,16,  2,3,6,7,8,10,13,15,  64
1,4,5,9,11,13,14,15,  2,3,6,7,8,10,12,16,  64
1,4,5,10,11,12,13,16,  2,3,6,7,8,9,14,15,  64
1,4,5,10,11,12,14,15,  2,3,6,7,8,9,13,16,  64
1,4,5,12,13,14,15,16,  2,3,6,7,8,9,10,11,  56
1,4,6,7,8,9,10,11,  2,3,5,12,13,14,15,16,  80
1,4,6,7,8,9,13,16,  2,3,5,10,11,12,14,15,  72
1,4,6,7,8,9,14,15,  2,3,5,10,11,12,13,16,  72
1,4,6,7,8,10,12,16,  2,3,5,9,11,13,14,15,  72
1,4,6,7,8,10,13,15,  2,3,5,9,11,12,14,16,  72
1,4,6,7,8,11,12,15,  2,3,5,9,10,13,14,16,  72
1,4,6,7,8,11,13,14,  2,3,5,9,10,12,15,16,  72
1,4,6,7,9,10,11,16,  2,3,5,8,12,13,14,15,  72
1,4,6,7,9,10,12,15,  2,3,5,8,11,13,14,16,  72
1,4,6,7,9,10,13,14,  2,3,5,8,11,12,15,16,  72
1,4,6,7,9,11,12,14,  2,3,5,8,10,13,15,16,  72
1,4,6,7,9,14,15,16,  2,3,5,8,10,11,12,13,  64
1,4,6,7,10,11,12,13,  2,3,5,8,9,14,15,16,  72
1,4,6,7,10,13,15,16,  2,3,5,8,9,11,12,14,  64
1,4,6,7,11,12,15,16,  2,3,5,8,9,10,13,14,  64
1,4,6,7,11,13,14,16,  2,3,5,8,9,10,12,15,  64
1,4,6,7,12,13,14,15,  2,3,5,8,9,10,11,16,  64
1,4,6,8,9,10,11,15,  2,3,5,7,12,13,14,16,  72
1,4,6,8,9,10,12,14,  2,3,5,7,11,13,15,16,  72
1,4,6,8,9,11,12,13,  2,3,5,7,10,14,15,16,  72
1,4,6,8,9,13,15,16,  2,3,5,7,10,11,12,14,  64
1,4,6,8,10,12,15,16,  2,3,5,7,9,11,13,14,  64
1,4,6,8,10,13,14,16,  2,3,5,7,9,11,12,15,  64
1,4,6,8,11,12,14,16,  2,3,5,7,9,10,13,15,  64
1,4,6,8,11,13,14,15,  2,3,5,7,9,10,12,16,  64
1,4,6,9,10,11,15,16,  2,3,5,7,8,12,13,14,  64
1,4,6,9,10,12,14,16,  2,3,5,7,8,11,13,15,  64
1,4,6,9,10,13,14,15,  2,3,5,7,8,11,12,16,  64
1,4,6,9,11,12,13,16,  2,3,5,7,8,10,14,15,  64
1,4,6,9,11,12,14,15,  2,3,5,7,8,10,13,16,  64
1,4,6,10,11,12,13,15,  2,3,5,7,8,9,14,16,  64
1,4,6,11,13,14,15,16,  2,3,5,7,8,9,10,12,  56
1,4,7,8,9,10,11,14,  2,3,5,6,12,13,15,16,  72
1,4,7,8,9,10,12,13,  2,3,5,6,11,14,15,16,  72
1,4,7,8,9,12,15,16,  2,3,5,6,10,11,13,14,  64
1,4,7,8,9,13,14,16,  2,3,5,6,10,11,12,15,  64
1,4,7,8,10,11,15,16,  2,3,5,6,9,12,13,14,  64
1,4,7,8,10,12,14,16,  2,3,5,6,9,11,13,15,  64
1,4,7,8,10,13,14,15,  2,3,5,6,9,11,12,16,  64
1,4,7,8,11,12,13,16,  2,3,5,6,9,10,14,15,  64
1,4,7,8,11,12,14,15,  2,3,5,6,9,10,13,16,  64
1,4,7,9,10,11,14,16,  2,3,5,6,8,12,13,15,  64
1,4,7,9,10,12,13,16,  2,3,5,6,8,11,14,15,  64
1,4,7,9,10,12,14,15,  2,3,5,6,8,11,13,16,  64
1,4,7,9,11,12,13,15,  2,3,5,6,8,10,14,16,  64
1,4,7,10,11,12,13,14,  2,3,5,6,8,9,15,16,  64
1,4,7,10,13,14,15,16,  2,3,5,6,8,9,11,12,  56
1,4,7,11,12,14,15,16,  2,3,5,6,8,9,10,13,  56
1,4,8,9,10,11,13,16,  2,3,5,6,7,12,14,15,  64
1,4,8,9,10,11,14,15,  2,3,5,6,7,12,13,16,  64
1,4,8,9,10,12,13,15,  2,3,5,6,7,11,14,16,  64
1,4,8,9,11,12,13,14,  2,3,5,6,7,10,15,16,  64
1,4,8,9,13,14,15,16,  2,3,5,6,7,10,11,12,  56
1,4,8,10,12,14,15,16,  2,3,5,6,7,9,11,13,  56
1,4,8,11,12,13,15,16,  2,3,5,6,7,9,10,14,  56
1,4,9,10,11,14,15,16,  2,3,5,6,7,8,12,13,  56
1,4,9,10,12,13,15,16,  2,3,5,6,7,8,11,14,  56
1,4,9,11,12,13,14,16,  2,3,5,6,7,8,10,15,  56
1,4,10,11,12,13,14,15,  2,3,5,6,7,8,9,16,  56
1,5,6,7,8,9,12,16,  2,3,4,10,11,13,14,15,  72
1,5,6,7,8,9,13,15,  2,3,4,10,11,12,14,16,  72
1,5,6,7,8,10,11,16,  2,3,4,9,12,13,14,15,  72
1,5,6,7,8,10,12,15,  2,3,4,9,11,13,14,16,  72
1,5,6,7,8,10,13,14,  2,3,4,9,11,12,15,16,  72
1,5,6,7,8,11,12,14,  2,3,4,9,10,13,15,16,  72
1,5,6,7,8,14,15,16,  2,3,4,9,10,11,12,13,  64
1,5,6,7,9,10,11,15,  2,3,4,8,12,13,14,16,  72
1,5,6,7,9,10,12,14,  2,3,4,8,11,13,15,16,  72
1,5,6,7,9,11,12,13,  2,3,4,8,10,14,15,16,  72
1,5,6,7,9,13,15,16,  2,3,4,8,10,11,12,14,  64
1,5,6,7,10,12,15,16,  2,3,4,8,9,11,13,14,  64
1,5,6,7,10,13,14,16,  2,3,4,8,9,11,12,15,  64
1,5,6,7,11,12,14,16,  2,3,4,8,9,10,13,15,  64
1,5,6,7,11,13,14,15,  2,3,4,8,9,10,12,16,  64
1,5,6,8,9,10,11,14,  2,3,4,7,12,13,15,16,  72
1,5,6,8,9,10,12,13,  2,3,4,7,11,14,15,16,  72
1,5,6,8,9,12,15,16,  2,3,4,7,10,11,13,14,  64
1,5,6,8,9,13,14,16,  2,3,4,7,10,11,12,15,  64
1,5,6,8,10,11,15,16,  2,3,4,7,9,12,13,14,  64
1,5,6,8,10,12,14,16,  2,3,4,7,9,11,13,15,  64
1,5,6,8,10,13,14,15,  2,3,4,7,9,11,12,16,  64
1,5,6,8,11,12,13,16,  2,3,4,7,9,10,14,15,  64
1,5,6,8,11,12,14,15,  2,3,4,7,9,10,13,16,  64
1,5,6,9,10,11,14,16,  2,3,4,7,8,12,13,15,  64
1,5,6,9,10,12,13,16,  2,3,4,7,8,11,14,15,  64
1,5,6,9,10,12,14,15,  2,3,4,7,8,11,13,16,  64
1,5,6,9,11,12,13,15,  2,3,4,7,8,10,14,16,  64
1,5,6,10,11,12,13,14,  2,3,4,7,8,9,15,16,  64
1,5,6,10,13,14,15,16,  2,3,4,7,8,9,11,12,  56
1,5,6,11,12,14,15,16,  2,3,4,7,8,9,10,13,  56
1,5,7,8,9,10,11,13,  2,3,4,6,12,14,15,16,  72
1,5,7,8,9,11,15,16,  2,3,4,6,10,12,13,14,  64
1,5,7,8,9,12,14,16,  2,3,4,6,10,11,13,15,  64
1,5,7,8,9,13,14,15,  2,3,4,6,10,11,12,16,  64
1,5,7,8,10,11,14,16,  2,3,4,6,9,12,13,15,  64
1,5,7,8,10,12,13,16,  2,3,4,6,9,11,14,15,  64
1,5,7,8,10,12,14,15,  2,3,4,6,9,11,13,16,  64
1,5,7,8,11,12,13,15,  2,3,4,6,9,10,14,16,  64
1,5,7,9,10,11,13,16,  2,3,4,6,8,12,14,15,  64
1,5,7,9,10,11,14,15,  2,3,4,6,8,12,13,16,  64
1,5,7,9,10,12,13,15,  2,3,4,6,8,11,14,16,  64
1,5,7,9,11,12,13,14,  2,3,4,6,8,10,15,16,  64
1,5,7,9,13,14,15,16,  2,3,4,6,8,10,11,12,  56
1,5,7,10,12,14,15,16,  2,3,4,6,8,9,11,13,  56
1,5,7,11,12,13,15,16,  2,3,4,6,8,9,10,14,  56
1,5,8,9,10,11,12,16,  2,3,4,6,7,13,14,15,  64
1,5,8,9,10,11,13,15,  2,3,4,6,7,12,14,16,  64
1,5,8,9,10,12,13,14,  2,3,4,6,7,11,15,16,  64
1,5,8,9,12,14,15,16,  2,3,4,6,7,10,11,13,  56
1,5,8,10,11,14,15,16,  2,3,4,6,7,9,12,13,  56
1,5,8,10,12,13,15,16,  2,3,4,6,7,9,11,14,  56
1,5,8,11,12,13,14,16,  2,3,4,6,7,9,10,15,  56
1,5,9,10,11,13,15,16,  2,3,4,6,7,8,12,14,  56
1,5,9,10,12,13,14,16,  2,3,4,6,7,8,11,15,  56
1,5,9,11,12,13,14,15,  2,3,4,6,7,8,10,16,  56
1,6,7,8,9,10,11,12,  2,3,4,5,13,14,15,16,  72
1,6,7,8,9,10,15,16,  2,3,4,5,11,12,13,14,  64
1,6,7,8,9,11,14,16,  2,3,4,5,10,12,13,15,  64
1,6,7,8,9,12,13,16,  2,3,4,5,10,11,14,15,  64
1,6,7,8,9,12,14,15,  2,3,4,5,10,11,13,16,  64
1,6,7,8,10,11,13,16,  2,3,4,5,9,12,14,15,  64
1,6,7,8,10,11,14,15,  2,3,4,5,9,12,13,16,  64
1,6,7,8,10,12,13,15,  2,3,4,5,9,11,14,16,  64
1,6,7,8,11,12,13,14,  2,3,4,5,9,10,15,16,  64
1,6,7,8,13,14,15,16,  2,3,4,5,9,10,11,12,  56
1,6,7,9,10,11,12,16,  2,3,4,5,8,13,14,15,  64
1,6,7,9,10,11,13,15,  2,3,4,5,8,12,14,16,  64
1,6,7,9,10,12,13,14,  2,3,4,5,8,11,15,16,  64
1,6,7,9,12,14,15,16,  2,3,4,5,8,10,11,13,  56
1,6,7,10,11,14,15,16,  2,3,4,5,8,9,12,13,  56
1,6,7,10,12,13,15,16,  2,3,4,5,8,9,11,14,  56
1,6,7,11,12,13,14,16,  2,3,4,5,8,9,10,15,  56
1,6,8,9,10,11,12,15,  2,3,4,5,7,13,14,16,  64
1,6,8,9,10,11,13,14,  2,3,4,5,7,12,15,16,  64
1,6,8,9,11,14,15,16,  2,3,4,5,7,10,12,13,  56
1,6,8,9,12,13,15,16,  2,3,4,5,7,10,11,14,  56
1,6,8,10,11,13,15,16,  2,3,4,5,7,9,12,14,  56
1,6,8,10,12,13,14,16,  2,3,4,5,7,9,11,15,  56
1,6,8,11,12,13,14,15,  2,3,4,5,7,9,10,16,  56
1,6,9,10,11,12,15,16,  2,3,4,5,7,8,13,14,  56
1,6,9,10,11,13,14,16,  2,3,4,5,7,8,12,15,  56
1,6,9,10,12,13,14,15,  2,3,4,5,7,8,11,16,  56
1,6,11,12,13,14,15,16,  2,3,4,5,7,8,9,10,  48
1,7,8,9,10,11,12,14,  2,3,4,5,6,13,15,16,  64
1,7,8,9,10,14,15,16,  2,3,4,5,6,11,12,13,  56
1,7,8,9,11,13,15,16,  2,3,4,5,6,10,12,14,  56
1,7,8,9,12,13,14,16,  2,3,4,5,6,10,11,15,  56
1,7,8,10,11,12,15,16,  2,3,4,5,6,9,13,14,  56
1,7,8,10,11,13,14,16,  2,3,4,5,6,9,12,15,  56
1,7,8,10,12,13,14,15,  2,3,4,5,6,9,11,16,  56
1,7,9,10,11,12,14,16,  2,3,4,5,6,8,13,15,  56
1,7,9,10,11,13,14,15,  2,3,4,5,6,8,12,16,  56
1,7,10,12,13,14,15,16,  2,3,4,5,6,8,9,11,  48
1,8,9,10,11,12,13,16,  2,3,4,5,6,7,14,15,  56
1,8,9,10,11,12,14,15,  2,3,4,5,6,7,13,16,  56
1,8,9,12,13,14,15,16,  2,3,4,5,6,7,10,11,  48
1,8,10,11,13,14,15,16,  2,3,4,5,6,7,9,12,  48
1,9,10,11,12,14,15,16,  2,3,4,5,6,7,8,13,  48
2,3,4,5,6,7,8,13,  1,9,10,11,12,14,15,16,  88
2,3,4,5,6,7,9,12,  1,8,10,11,13,14,15,16,  88
2,3,4,5,6,7,10,11,  1,8,9,12,13,14,15,16,  88
2,3,4,5,6,7,13,16,  1,8,9,10,11,12,14,15,  80
2,3,4,5,6,7,14,15,  1,8,9,10,11,12,13,16,  80
2,3,4,5,6,8,9,11,  1,7,10,12,13,14,15,16,  88
2,3,4,5,6,8,12,16,  1,7,9,10,11,13,14,15,  80
2,3,4,5,6,8,13,15,  1,7,9,10,11,12,14,16,  80
2,3,4,5,6,9,11,16,  1,7,8,10,12,13,14,15,  80
2,3,4,5,6,9,12,15,  1,7,8,10,11,13,14,16,  80
2,3,4,5,6,9,13,14,  1,7,8,10,11,12,15,16,  80
2,3,4,5,6,10,11,15,  1,7,8,9,12,13,14,16,  80
2,3,4,5,6,10,12,14,  1,7,8,9,11,13,15,16,  80
2,3,4,5,6,11,12,13,  1,7,8,9,10,14,15,16,  80
2,3,4,5,6,13,15,16,  1,7,8,9,10,11,12,14,  72
2,3,4,5,7,8,9,10,  1,6,11,12,13,14,15,16,  88
2,3,4,5,7,8,11,16,  1,6,9,10,12,13,14,15,  80
2,3,4,5,7,8,12,15,  1,6,9,10,11,13,14,16,  80
2,3,4,5,7,8,13,14,  1,6,9,10,11,12,15,16,  80
2,3,4,5,7,9,10,16,  1,6,8,11,12,13,14,15,  80
2,3,4,5,7,9,11,15,  1,6,8,10,12,13,14,16,  80
2,3,4,5,7,9,12,14,  1,6,8,10,11,13,15,16,  80
2,3,4,5,7,10,11,14,  1,6,8,9,12,13,15,16,  80
2,3,4,5,7,10,12,13,  1,6,8,9,11,14,15,16,  80
2,3,4,5,7,12,15,16,  1,6,8,9,10,11,13,14,  72
2,3,4,5,7,13,14,16,  1,6,8,9,10,11,12,15,  72
2,3,4,5,8,9,10,15,  1,6,7,11,12,13,14,16,  80
2,3,4,5,8,9,11,14,  1,6,7,10,12,13,15,16,  80
2,3,4,5,8,9,12,13,  1,6,7,10,11,14,15,16,  80
2,3,4,5,8,10,11,13,  1,6,7,9,12,14,15,16,  80
2,3,4,5,8,11,15,16,  1,6,7,9,10,12,13,14,  72
2,3,4,5,8,12,14,16,  1,6,7,9,10,11,13,15,  72
2,3,4,5,8,13,14,15,  1,6,7,9,10,11,12,16,  72
2,3,4,5,9,10,11,12,  1,6,7,8,13,14,15,16,  80
2,3,4,5,9,10,15,16,  1,6,7,8,11,12,13,14,  72
2,3,4,5,9,11,14,16,  1,6,7,8,10,12,13,15,  72
2,3,4,5,9,12,13,16,  1,6,7,8,10,11,14,15,  72
2,3,4,5,9,12,14,15,  1,6,7,8,10,11,13,16,  72
2,3,4,5,10,11,13,16,  1,6,7,8,9,12,14,15,  72
2,3,4,5,10,11,14,15,  1,6,7,8,9,12,13,16,  72
2,3,4,5,10,12,13,15,  1,6,7,8,9,11,14,16,  72
2,3,4,5,11,12,13,14,  1,6,7,8,9,10,15,16,  72
2,3,4,5,13,14,15,16,  1,6,7,8,9,10,11,12,  64
2,3,4,6,7,8,10,16,  1,5,9,11,12,13,14,15,  80
2,3,4,6,7,8,11,15,  1,5,9,10,12,13,14,16,  80
2,3,4,6,7,8,12,14,  1,5,9,10,11,13,15,16,  80
2,3,4,6,7,9,10,15,  1,5,8,11,12,13,14,16,  80
2,3,4,6,7,9,11,14,  1,5,8,10,12,13,15,16,  80
2,3,4,6,7,9,12,13,  1,5,8,10,11,14,15,16,  80
2,3,4,6,7,10,11,13,  1,5,8,9,12,14,15,16,  80
2,3,4,6,7,11,15,16,  1,5,8,9,10,12,13,14,  72
2,3,4,6,7,12,14,16,  1,5,8,9,10,11,13,15,  72
2,3,4,6,7,13,14,15,  1,5,8,9,10,11,12,16,  72
2,3,4,6,8,9,10,14,  1,5,7,11,12,13,15,16,  80
2,3,4,6,8,9,11,13,  1,5,7,10,12,14,15,16,  80
2,3,4,6,8,10,11,12,  1,5,7,9,13,14,15,16,  80
2,3,4,6,8,10,15,16,  1,5,7,9,11,12,13,14,  72
2,3,4,6,8,11,14,16,  1,5,7,9,10,12,13,15,  72
2,3,4,6,8,12,13,16,  1,5,7,9,10,11,14,15,  72
2,3,4,6,8,12,14,15,  1,5,7,9,10,11,13,16,  72
2,3,4,6,9,10,14,16,  1,5,7,8,11,12,13,15,  72
2,3,4,6,9,11,13,16,  1,5,7,8,10,12,14,15,  72
2,3,4,6,9,11,14,15,  1,5,7,8,10,12,13,16,  72
2,3,4,6,9,12,13,15,  1,5,7,8,10,11,14,16,  72
2,3,4,6,10,11,12,16,  1,5,7,8,9,13,14,15,  72
2,3,4,6,10,11,13,15,  1,5,7,8,9,12,14,16,  72
2,3,4,6,10,12,13,14,  1,5,7,8,9,11,15,16,  72
2,3,4,6,12,14,15,16,  1,5,7,8,9,10,11,13,  64
2,3,4,7,8,9,10,13,  1,5,6,11,12,14,15,16,  80
2,3,4,7,8,9,11,12,  1,5,6,10,13,14,15,16,  80
2,3,4,7,8,9,15,16,  1,5,6,10,11,12,13,14,  72
2,3,4,7,8,10,14,16,  1,5,6,9,11,12,13,15,  72
2,3,4,7,8,11,13,16,  1,5,6,9,10,12,14,15,  72
2,3,4,7,8,11,14,15,  1,5,6,9,10,12,13,16,  72
2,3,4,7,8,12,13,15,  1,5,6,9,10,11,14,16,  72
2,3,4,7,9,10,13,16,  1,5,6,8,11,12,14,15,  72
2,3,4,7,9,10,14,15,  1,5,6,8,11,12,13,16,  72
2,3,4,7,9,11,12,16,  1,5,6,8,10,13,14,15,  72
2,3,4,7,9,11,13,15,  1,5,6,8,10,12,14,16,  72
2,3,4,7,9,12,13,14,  1,5,6,8,10,11,15,16,  72
2,3,4,7,10,11,12,15,  1,5,6,8,9,13,14,16,  72
2,3,4,7,10,11,13,14,  1,5,6,8,9,12,15,16,  72
2,3,4,7,11,14,15,16,  1,5,6,8,9,10,12,13,  64
2,3,4,7,12,13,15,16,  1,5,6,8,9,10,11,14,  64
2,3,4,8,9,10,12,16,  1,5,6,7,11,13,14,15,  72
2,3,4,8,9,10,13,15,  1,5,6,7,11,12,14,16,  72
2,3,4,8,9,11,12,15,  1,5,6,7,10,13,14,16,  72
2,3,4,8,9,11,13,14,  1,5,6,7,10,12,15,16,  72
2,3,4,8,10,11,12,14,  1,5,6,7,9,13,15,16,  72
2,3,4,8,10,14,15,16,  1,5,6,7,9,11,12,13,  64
2,3,4,8,11,13,15,16,  1,5,6,7,9,10,12,14,  64
2,3,4,8,12,13,14,16,  1,5,6,7,9,10,11,15,  64
2,3,4,9,10,11,12,13,  1,5,6,7,8,14,15,16,  72
2,3,4,9,10,13,15,16,  1,5,6,7,8,11,12,14,  64
2,3,4,9,11,12,15,16,  1,5,6,7,8,10,13,14,  64
2,3,4,9,11,13,14,16,  1,5,6,7,8,10,12,15,  64
2,3,4,9,12,13,14,15,  1,5,6,7,8,10,11,16,  64
2,3,4,10,11,12,14,16,  1,5,6,7,8,9,13,15,  64
2,3,4,10,11,13,14,15,  1,5,6,7,8,9,12,16,  64
2,3,5,6,7,8,9,16,  1,4,10,11,12,13,14,15,  80
2,3,5,6,7,8,10,15,  1,4,9,11,12,13,14,16,  80
2,3,5,6,7,8,11,14,  1,4,9,10,12,13,15,16,  80
2,3,5,6,7,8,12,13,  1,4,9,10,11,14,15,16,  80
2,3,5,6,7,9,10,14,  1,4,8,11,12,13,15,16,  80
2,3,5,6,7,9,11,13,  1,4,8,10,12,14,15,16,  80
2,3,5,6,7,10,11,12,  1,4,8,9,13,14,15,16,  80
2,3,5,6,7,10,15,16,  1,4,8,9,11,12,13,14,  72
2,3,5,6,7,11,14,16,  1,4,8,9,10,12,13,15,  72
2,3,5,6,7,12,13,16,  1,4,8,9,10,11,14,15,  72
2,3,5,6,7,12,14,15,  1,4,8,9,10,11,13,16,  72
2,3,5,6,8,9,10,13,  1,4,7,11,12,14,15,16,  80
2,3,5,6,8,9,11,12,  1,4,7,10,13,14,15,16,  80
2,3,5,6,8,9,15,16,  1,4,7,10,11,12,13,14,  72
2,3,5,6,8,10,14,16,  1,4,7,9,11,12,13,15,  72
2,3,5,6,8,11,13,16,  1,4,7,9,10,12,14,15,  72
2,3,5,6,8,11,14,15,  1,4,7,9,10,12,13,16,  72
2,3,5,6,8,12,13,15,  1,4,7,9,10,11,14,16,  72
2,3,5,6,9,10,13,16,  1,4,7,8,11,12,14,15,  72
2,3,5,6,9,10,14,15,  1,4,7,8,11,12,13,16,  72
2,3,5,6,9,11,12,16,  1,4,7,8,10,13,14,15,  72
2,3,5,6,9,11,13,15,  1,4,7,8,10,12,14,16,  72
2,3,5,6,9,12,13,14,  1,4,7,8,10,11,15,16,  72
2,3,5,6,10,11,12,15,  1,4,7,8,9,13,14,16,  72
2,3,5,6,10,11,13,14,  1,4,7,8,9,12,15,16,  72
2,3,5,6,11,14,15,16,  1,4,7,8,9,10,12,13,  64
2,3,5,6,12,13,15,16,  1,4,7,8,9,10,11,14,  64
2,3,5,7,8,9,10,12,  1,4,6,11,13,14,15,16,  80
2,3,5,7,8,9,14,16,  1,4,6,10,11,12,13,15,  72
2,3,5,7,8,10,13,16,  1,4,6,9,11,12,14,15,  72
2,3,5,7,8,10,14,15,  1,4,6,9,11,12,13,16,  72
2,3,5,7,8,11,12,16,  1,4,6,9,10,13,14,15,  72
2,3,5,7,8,11,13,15,  1,4,6,9,10,12,14,16,  72
2,3,5,7,8,12,13,14,  1,4,6,9,10,11,15,16,  72
2,3,5,7,9,10,12,16,  1,4,6,8,11,13,14,15,  72
2,3,5,7,9,10,13,15,  1,4,6,8,11,12,14,16,  72
2,3,5,7,9,11,12,15,  1,4,6,8,10,13,14,16,  72
2,3,5,7,9,11,13,14,  1,4,6,8,10,12,15,16,  72
2,3,5,7,10,11,12,14,  1,4,6,8,9,13,15,16,  72
2,3,5,7,10,14,15,16,  1,4,6,8,9,11,12,13,  64
2,3,5,7,11,13,15,16,  1,4,6,8,9,10,12,14,  64
2,3,5,7,12,13,14,16,  1,4,6,8,9,10,11,15,  64
2,3,5,8,9,10,11,16,  1,4,6,7,12,13,14,15,  72
2,3,5,8,9,10,12,15,  1,4,6,7,11,13,14,16,  72
2,3,5,8,9,10,13,14,  1,4,6,7,11,12,15,16,  72
2,3,5,8,9,11,12,14,  1,4,6,7,10,13,15,16,  72
2,3,5,8,9,14,15,16,  1,4,6,7,10,11,12,13,  64
2,3,5,8,10,11,12,13,  1,4,6,7,9,14,15,16,  72
2,3,5,8,10,13,15,16,  1,4,6,7,9,11,12,14,  64
2,3,5,8,11,12,15,16,  1,4,6,7,9,10,13,14,  64
2,3,5,8,11,13,14,16,  1,4,6,7,9,10,12,15,  64
2,3,5,8,12,13,14,15,  1,4,6,7,9,10,11,16,  64
2,3,5,9,10,12,15,16,  1,4,6,7,8,11,13,14,  64
2,3,5,9,10,13,14,16,  1,4,6,7,8,11,12,15,  64
2,3,5,9,11,12,14,16,  1,4,6,7,8,10,13,15,  64
2,3,5,9,11,13,14,15,  1,4,6,7,8,10,12,16,  64
2,3,5,10,11,12,13,16,  1,4,6,7,8,9,14,15,  64
2,3,5,10,11,12,14,15,  1,4,6,7,8,9,13,16,  64
2,3,5,12,13,14,15,16,  1,4,6,7,8,9,10,11,  56
2,3,6,7,8,9,10,11,  1,4,5,12,13,14,15,16,  80
2,3,6,7,8,9,13,16,  1,4,5,10,11,12,14,15,  72
2,3,6,7,8,9,14,15,  1,4,5,10,11,12,13,16,  72
2,3,6,7,8,10,12,16,  1,4,5,9,11,13,14,15,  72
2,3,6,7,8,10,13,15,  1,4,5,9,11,12,14,16,  72
2,3,6,7,8,11,12,15,  1,4,5,9,10,13,14,16,  72
2,3,6,7,8,11,13,14,  1,4,5,9,10,12,15,16,  72
2,3,6,7,9,10,11,16,  1,4,5,8,12,13,14,15,  72
2,3,6,7,9,10,12,15,  1,4,5,8,11,13,14,16,  72
2,3,6,7,9,10,13,14,  1,4,5,8,11,12,15,16,  72
2,3,6,7,9,11,12,14,  1,4,5,8,10,13,15,16,  72
2,3,6,7,9,14,15,16,  1,4,5,8,10,11,12,13,  64
2,3,6,7,10,11,12,13,  1,4,5,8,9,14,15,16,  72
2,3,6,7,10,13,15,16,  1,4,5,8,9,11,12,14,  64
2,3,6,7,11,12,15,16,  1,4,5,8,9,10,13,14,  64
2,3,6,7,11,13,14,16,  1,4,5,8,9,10,12,15,  64
2,3,6,7,12,13,14,15,  1,4,5,8,9,10,11,16,  64
2,3,6,8,9,10,11,15,  1,4,5,7,12,13,14,16,  72
2,3,6,8,9,10,12,14,  1,4,5,7,11,13,15,16,  72
2,3,6,8,9,11,12,13,  1,4,5,7,10,14,15,16,  72
2,3,6,8,9,13,15,16,  1,4,5,7,10,11,12,14,  64
2,3,6,8,10,12,15,16,  1,4,5,7,9,11,13,14,  64
2,3,6,8,10,13,14,16,  1,4,5,7,9,11,12,15,  64
2,3,6,8,11,12,14,16,  1,4,5,7,9,10,13,15,  64
2,3,6,8,11,13,14,15,  1,4,5,7,9,10,12,16,  64
2,3,6,9,10,11,15,16,  1,4,5,7,8,12,13,14,  64
2,3,6,9,10,12,14,16,  1,4,5,7,8,11,13,15,  64
2,3,6,9,10,13,14,15,  1,4,5,7,8,11,12,16,  64
2,3,6,9,11,12,13,16,  1,4,5,7,8,10,14,15,  64
2,3,6,9,11,12,14,15,  1,4,5,7,8,10,13,16,  64
2,3,6,10,11,12,13,15,  1,4,5,7,8,9,14,16,  64
2,3,6,11,13,14,15,16,  1,4,5,7,8,9,10,12,  56
2,3,7,8,9,10,11,14,  1,4,5,6,12,13,15,16,  72
2,3,7,8,9,10,12,13,  1,4,5,6,11,14,15,16,  72
2,3,7,8,9,12,15,16,  1,4,5,6,10,11,13,14,  64
2,3,7,8,9,13,14,16,  1,4,5,6,10,11,12,15,  64
2,3,7,8,10,11,15,16,  1,4,5,6,9,12,13,14,  64
2,3,7,8,10,12,14,16,  1,4,5,6,9,11,13,15,  64
2,3,7,8,10,13,14,15,  1,4,5,6,9,11,12,16,  64
2,3,7,8,11,12,13,16,  1,4,5,6,9,10,14,15,  64
2,3,7,8,11,12,14,15,  1,4,5,6,9,10,13,16,  64
2,3,7,9,10,11,14,16,  1,4,5,6,8,12,13,15,  64
2,3,7,9,10,12,13,16,  1,4,5,6,8,11,14,15,  64
2,3,7,9,10,12,14,15,  1,4,5,6,8,11,13,16,  64
2,3,7,9,11,12,13,15,  1,4,5,6,8,10,14,16,  64
2,3,7,10,11,12,13,14,  1,4,5,6,8,9,15,16,  64
2,3,7,10,13,14,15,16,  1,4,5,6,8,9,11,12,  56
2,3,7,11,12,14,15,16,  1,4,5,6,8,9,10,13,  56
2,3,8,9,10,11,13,16,  1,4,5,6,7,12,14,15,  64
2,3,8,9,10,11,14,15,  1,4,5,6,7,12,13,16,  64
2,3,8,9,10,12,13,15,  1,4,5,6,7,11,14,16,  64
2,3,8,9,11,12,13,14,  1,4,5,6,7,10,15,16,  64
2,3,8,9,13,14,15,16,  1,4,5,6,7,10,11,12,  56
2,3,8,10,12,14,15,16,  1,4,5,6,7,9,11,13,  56
2,3,8,11,12,13,15,16,  1,4,5,6,7,9,10,14,  56
2,3,9,10,11,14,15,16,  1,4,5,6,7,8,12,13,  56
2,3,9,10,12,13,15,16,  1,4,5,6,7,8,11,14,  56
2,3,9,11,12,13,14,16,  1,4,5,6,7,8,10,15,  56
2,3,10,11,12,13,14,15,  1,4,5,6,7,8,9,16,  56
2,4,5,6,7,8,9,15,  1,3,10,11,12,13,14,16,  80
2,4,5,6,7,8,10,14,  1,3,9,11,12,13,15,16,  80
2,4,5,6,7,8,11,13,  1,3,9,10,12,14,15,16,  80
2,4,5,6,7,9,10,13,  1,3,8,11,12,14,15,16,  80
2,4,5,6,7,9,11,12,  1,3,8,10,13,14,15,16,  80
2,4,5,6,7,9,15,16,  1,3,8,10,11,12,13,14,  72
2,4,5,6,7,10,14,16,  1,3,8,9,11,12,13,15,  72
2,4,5,6,7,11,13,16,  1,3,8,9,10,12,14,15,  72
2,4,5,6,7,11,14,15,  1,3,8,9,10,12,13,16,  72
2,4,5,6,7,12,13,15,  1,3,8,9,10,11,14,16,  72
2,4,5,6,8,9,10,12,  1,3,7,11,13,14,15,16,  80
2,4,5,6,8,9,14,16,  1,3,7,10,11,12,13,15,  72
2,4,5,6,8,10,13,16,  1,3,7,9,11,12,14,15,  72
2,4,5,6,8,10,14,15,  1,3,7,9,11,12,13,16,  72
2,4,5,6,8,11,12,16,  1,3,7,9,10,13,14,15,  72
2,4,5,6,8,11,13,15,  1,3,7,9,10,12,14,16,  72
2,4,5,6,8,12,13,14,  1,3,7,9,10,11,15,16,  72
2,4,5,6,9,10,12,16,  1,3,7,8,11,13,14,15,  72
2,4,5,6,9,10,13,15,  1,3,7,8,11,12,14,16,  72
2,4,5,6,9,11,12,15,  1,3,7,8,10,13,14,16,  72
2,4,5,6,9,11,13,14,  1,3,7,8,10,12,15,16,  72
2,4,5,6,10,11,12,14,  1,3,7,8,9,13,15,16,  72
2,4,5,6,10,14,15,16,  1,3,7,8,9,11,12,13,  64
2,4,5,6,11,13,15,16,  1,3,7,8,9,10,12,14,  64
2,4,5,6,12,13,14,16,  1,3,7,8,9,10,11,15,  64
2,4,5,7,8,9,10,11,  1,3,6,12,13,14,15,16,  80
2,4,5,7,8,9,13,16,  1,3,6,10,11,12,14,15,  72
2,4,5,7,8,9,14,15,  1,3,6,10,11,12,13,16,  72
2,4,5,7,8,10,12,16,  1,3,6,9,11,13,14,15,  72
2,4,5,7,8,10,13,15,  1,3,6,9,11,12,14,16,  72
2,4,5,7,8,11,12,15,  1,3,6,9,10,13,14,16,  72
2,4,5,7,8,11,13,14,  1,3,6,9,10,12,15,16,  72
2,4,5,7,9,10,11,16,  1,3,6,8,12,13,14,15,  72
2,4,5,7,9,10,12,15,  1,3,6,8,11,13,14,16,  72
2,4,5,7,9,10,13,14,  1,3,6,8,11,12,15,16,  72
2,4,5,7,9,11,12,14,  1,3,6,8,10,13,15,16,  72
2,4,5,7,9,14,15,16,  1,3,6,8,10,11,12,13,  64
2,4,5,7,10,11,12,13,  1,3,6,8,9,14,15,16,  72
2,4,5,7,10,13,15,16,  1,3,6,8,9,11,12,14,  64
2,4,5,7,11,12,15,16,  1,3,6,8,9,10,13,14,  64
2,4,5,7,11,13,14,16,  1,3,6,8,9,10,12,15,  64
2,4,5,7,12,13,14,15,  1,3,6,8,9,10,11,16,  64
2,4,5,8,9,10,11,15,  1,3,6,7,12,13,14,16,  72
2,4,5,8,9,10,12,14,  1,3,6,7,11,13,15,16,  72
2,4,5,8,9,11,12,13,  1,3,6,7,10,14,15,16,  72
2,4,5,8,9,13,15,16,  1,3,6,7,10,11,12,14,  64
2,4,5,8,10,12,15,16,  1,3,6,7,9,11,13,14,  64
2,4,5,8,10,13,14,16,  1,3,6,7,9,11,12,15,  64
2,4,5,8,11,12,14,16,  1,3,6,7,9,10,13,15,  64
2,4,5,8,11,13,14,15,  1,3,6,7,9,10,12,16,  64
2,4,5,9,10,11,15,16,  1,3,6,7,8,12,13,14,  64
2,4,5,9,10,12,14,16,  1,3,6,7,8,11,13,15,  64
2,4,5,9,10,13,14,15,  1,3,6,7,8,11,12,16,  64
2,4,5,9,11,12,13,16,  1,3,6,7,8,10,14,15,  64
2,4,5,9,11,12,14,15,  1,3,6,7,8,10,13,16,  64
2,4,5,10,11,12,13,15,  1,3,6,7,8,9,14,16,  64
2,4,5,11,13,14,15,16,  1,3,6,7,8,9,10,12,  56
2,4,6,7,8,9,12,16,  1,3,5,10,11,13,14,15,  72
2,4,6,7,8,9,13,15,  1,3,5,10,11,12,14,16,  72
2,4,6,7,8,10,11,16,  1,3,5,9,12,13,14,15,  72
2,4,6,7,8,10,12,15,  1,3,5,9,11,13,14,16,  72
2,4,6,7,8,10,13,14,  1,3,5,9,11,12,15,16,  72
2,4,6,7,8,11,12,14,  1,3,5,9,10,13,15,16,  72
2,4,6,7,8,14,15,16,  1,3,5,9,10,11,12,13,  64
2,4,6,7,9,10,11,15,  1,3,5,8,12,13,14,16,  72
2,4,6,7,9,10,12,14,  1,3,5,8,11,13,15,16,  72
2,4,6,7,9,11,12,13,  1,3,5,8,10,14,15,16,  72
2,4,6,7,9,13,15,16,  1,3,5,8,10,11,12,14,  64
2,4,6,7,10,12,15,16,  1,3,5,8,9,11,13,14,  64
2,4,6,7,10,13,14,16,  1,3,5,8,9,11,12,15,  64
2,4,6,7,11,12,14,16,  1,3,5,8,9,10,13,15,  64
2,4,6,7,11,13,14,15,  1,3,5,8,9,10,12,16,  64
2,4,6,8,9,10,11,14,  1,3,5,7,12,13,15,16,  72
2,4,6,8,9,10,12,13,  1,3,5,7,11,14,15,16,  72
2,4,6,8,9,12,15,16,  1,3,5,7,10,11,13,14,  64
2,4,6,8,9,13,14,16,  1,3,5,7,10,11,12,15,  64
2,4,6,8,10,11,15,16,  1,3,5,7,9,12,13,14,  64
2,4,6,8,10,12,14,16,  1,3,5,7,9,11,13,15,  64
2,4,6,8,10,13,14,15,  1,3,5,7,9,11,12,16,  64
2,4,6,8,11,12,13,16,  1,3,5,7,9,10,14,15,  64
2,4,6,8,11,12,14,15,  1,3,5,7,9,10,13,16,  64
2,4,6,9,10,11,14,16,  1,3,5,7,8,12,13,15,  64
2,4,6,9,10,12,13,16,  1,3,5,7,8,11,14,15,  64
2,4,6,9,10,12,14,15,  1,3,5,7,8,11,13,16,  64
2,4,6,9,11,12,13,15,  1,3,5,7,8,10,14,16,  64
2,4,6,10,11,12,13,14,  1,3,5,7,8,9,15,16,  64
2,4,6,10,13,14,15,16,  1,3,5,7,8,9,11,12,  56
2,4,6,11,12,14,15,16,  1,3,5,7,8,9,10,13,  56
2,4,7,8,9,10,11,13,  1,3,5,6,12,14,15,16,  72
2,4,7,8,9,11,15,16,  1,3,5,6,10,12,13,14,  64
2,4,7,8,9,12,14,16,  1,3,5,6,10,11,13,15,  64
2,4,7,8,9,13,14,15,  1,3,5,6,10,11,12,16,  64
2,4,7,8,10,11,14,16,  1,3,5,6,9,12,13,15,  64
2,4,7,8,10,12,13,16,  1,3,5,6,9,11,14,15,  64
2,4,7,8,10,12,14,15,  1,3,5,6,9,11,13,16,  64
2,4,7,8,11,12,13,15,  1,3,5,6,9,10,14,16,  64
2,4,7,9,10,11,13,16,  1,3,5,6,8,12,14,15,  64
2,4,7,9,10,11,14,15,  1,3,5,6,8,12,13,16,  64
2,4,7,9,10,12,13,15,  1,3,5,6,8,11,14,16,  64
2,4,7,9,11,12,13,14,  1,3,5,6,8,10,15,16,  64
2,4,7,9,13,14,15,16,  1,3,5,6,8,10,11,12,  56
2,4,7,10,12,14,15,16,  1,3,5,6,8,9,11,13,  56
2,4,7,11,12,13,15,16,  1,3,5,6,8,9,10,14,  56
2,4,8,9,10,11,12,16,  1,3,5,6,7,13,14,15,  64
2,4,8,9,10,11,13,15,  1,3,5,6,7,12,14,16,  64
2,4,8,9,10,12,13,14,  1,3,5,6,7,11,15,16,  64
2,4,8,9,12,14,15,16,  1,3,5,6,7,10,11,13,  56
2,4,8,10,11,14,15,16,  1,3,5,6,7,9,12,13,  56
2,4,8,10,12,13,15,16,  1,3,5,6,7,9,11,14,  56
2,4,8,11,12,13,14,16,  1,3,5,6,7,9,10,15,  56
2,4,9,10,11,13,15,16,  1,3,5,6,7,8,12,14,  56
2,4,9,10,12,13,14,16,  1,3,5,6,7,8,11,15,  56
2,4,9,11,12,13,14,15,  1,3,5,6,7,8,10,16,  56
2,5,6,7,8,9,11,16,  1,3,4,10,12,13,14,15,  72
2,5,6,7,8,9,12,15,  1,3,4,10,11,13,14,16,  72
2,5,6,7,8,9,13,14,  1,3,4,10,11,12,15,16,  72
2,5,6,7,8,10,11,15,  1,3,4,9,12,13,14,16,  72
2,5,6,7,8,10,12,14,  1,3,4,9,11,13,15,16,  72
2,5,6,7,8,11,12,13,  1,3,4,9,10,14,15,16,  72
2,5,6,7,8,13,15,16,  1,3,4,9,10,11,12,14,  64
2,5,6,7,9,10,11,14,  1,3,4,8,12,13,15,16,  72
2,5,6,7,9,10,12,13,  1,3,4,8,11,14,15,16,  72
2,5,6,7,9,12,15,16,  1,3,4,8,10,11,13,14,  64
2,5,6,7,9,13,14,16,  1,3,4,8,10,11,12,15,  64
2,5,6,7,10,11,15,16,  1,3,4,8,9,12,13,14,  64
2,5,6,7,10,12,14,16,  1,3,4,8,9,11,13,15,  64
2,5,6,7,10,13,14,15,  1,3,4,8,9,11,12,16,  64
2,5,6,7,11,12,13,16,  1,3,4,8,9,10,14,15,  64
2,5,6,7,11,12,14,15,  1,3,4,8,9,10,13,16,  64
2,5,6,8,9,10,11,13,  1,3,4,7,12,14,15,16,  72
2,5,6,8,9,11,15,16,  1,3,4,7,10,12,13,14,  64
2,5,6,8,9,12,14,16,  1,3,4,7,10,11,13,15,  64
2,5,6,8,9,13,14,15,  1,3,4,7,10,11,12,16,  64
2,5,6,8,10,11,14,16,  1,3,4,7,9,12,13,15,  64
2,5,6,8,10,12,13,16,  1,3,4,7,9,11,14,15,  64
2,5,6,8,10,12,14,15,  1,3,4,7,9,11,13,16,  64
2,5,6,8,11,12,13,15,  1,3,4,7,9,10,14,16,  64
2,5,6,9,10,11,13,16,  1,3,4,7,8,12,14,15,  64
2,5,6,9,10,11,14,15,  1,3,4,7,8,12,13,16,  64
2,5,6,9,10,12,13,15,  1,3,4,7,8,11,14,16,  64
2,5,6,9,11,12,13,14,  1,3,4,7,8,10,15,16,  64
2,5,6,9,13,14,15,16,  1,3,4,7,8,10,11,12,  56
2,5,6,10,12,14,15,16,  1,3,4,7,8,9,11,13,  56
2,5,6,11,12,13,15,16,  1,3,4,7,8,9,10,14,  56
2,5,7,8,9,10,11,12,  1,3,4,6,13,14,15,16,  72
2,5,7,8,9,10,15,16,  1,3,4,6,11,12,13,14,  64
2,5,7,8,9,11,14,16,  1,3,4,6,10,12,13,15,  64
2,5,7,8,9,12,13,16,  1,3,4,6,10,11,14,15,  64
2,5,7,8,9,12,14,15,  1,3,4,6,10,11,13,16,  64
2,5,7,8,10,11,13,16,  1,3,4,6,9,12,14,15,  64
2,5,7,8,10,11,14,15,  1,3,4,6,9,12,13,16,  64
2,5,7,8,10,12,13,15,  1,3,4,6,9,11,14,16,  64
2,5,7,8,11,12,13,14,  1,3,4,6,9,10,15,16,  64
2,5,7,8,13,14,15,16,  1,3,4,6,9,10,11,12,  56
2,5,7,9,10,11,12,16,  1,3,4,6,8,13,14,15,  64
2,5,7,9,10,11,13,15,  1,3,4,6,8,12,14,16,  64
2,5,7,9,10,12,13,14,  1,3,4,6,8,11,15,16,  64
2,5,7,9,12,14,15,16,  1,3,4,6,8,10,11,13,  56
2,5,7,10,11,14,15,16,  1,3,4,6,8,9,12,13,  56
2,5,7,10,12,13,15,16,  1,3,4,6,8,9,11,14,  56
2,5,7,11,12,13,14,16,  1,3,4,6,8,9,10,15,  56
2,5,8,9,10,11,12,15,  1,3,4,6,7,13,14,16,  64
2,5,8,9,10,11,13,14,  1,3,4,6,7,12,15,16,  64
2,5,8,9,11,14,15,16,  1,3,4,6,7,10,12,13,  56
2,5,8,9,12,13,15,16,  1,3,4,6,7,10,11,14,  56
2,5,8,10,11,13,15,16,  1,3,4,6,7,9,12,14,  56
2,5,8,10,12,13,14,16,  1,3,4,6,7,9,11,15,  56
2,5,8,11,12,13,14,15,  1,3,4,6,7,9,10,16,  56
2,5,9,10,11,12,15,16,  1,3,4,6,7,8,13,14,  56
2,5,9,10,11,13,14,16,  1,3,4,6,7,8,12,15,  56
2,5,9,10,12,13,14,15,  1,3,4,6,7,8,11,16,  56
2,5,11,12,13,14,15,16,  1,3,4,6,7,8,9,10,  48
2,6,7,8,9,10,14,16,  1,3,4,5,11,12,13,15,  64
2,6,7,8,9,11,13,16,  1,3,4,5,10,12,14,15,  64
2,6,7,8,9,11,14,15,  1,3,4,5,10,12,13,16,  64
2,6,7,8,9,12,13,15,  1,3,4,5,10,11,14,16,  64
2,6,7,8,10,11,12,16,  1,3,4,5,9,13,14,15,  64
2,6,7,8,10,11,13,15,  1,3,4,5,9,12,14,16,  64
2,6,7,8,10,12,13,14,  1,3,4,5,9,11,15,16,  64
2,6,7,8,12,14,15,16,  1,3,4,5,9,10,11,13,  56
2,6,7,9,10,11,12,15,  1,3,4,5,8,13,14,16,  64
2,6,7,9,10,11,13,14,  1,3,4,5,8,12,15,16,  64
2,6,7,9,11,14,15,16,  1,3,4,5,8,10,12,13,  56
2,6,7,9,12,13,15,16,  1,3,4,5,8,10,11,14,  56
2,6,7,10,11,13,15,16,  1,3,4,5,8,9,12,14,  56
2,6,7,10,12,13,14,16,  1,3,4,5,8,9,11,15,  56
2,6,7,11,12,13,14,15,  1,3,4,5,8,9,10,16,  56
2,6,8,9,10,11,12,14,  1,3,4,5,7,13,15,16,  64
2,6,8,9,10,14,15,16,  1,3,4,5,7,11,12,13,  56
2,6,8,9,11,13,15,16,  1,3,4,5,7,10,12,14,  56
2,6,8,9,12,13,14,16,  1,3,4,5,7,10,11,15,  56
2,6,8,10,11,12,15,16,  1,3,4,5,7,9,13,14,  56
2,6,8,10,11,13,14,16,  1,3,4,5,7,9,12,15,  56
2,6,8,10,12,13,14,15,  1,3,4,5,7,9,11,16,  56
2,6,9,10,11,12,14,16,  1,3,4,5,7,8,13,15,  56
2,6,9,10,11,13,14,15,  1,3,4,5,7,8,12,16,  56
2,6,10,12,13,14,15,16,  1,3,4,5,7,8,9,11,  48
2,7,8,9,10,11,12,13,  1,3,4,5,6,14,15,16,  64
2,7,8,9,10,13,15,16,  1,3,4,5,6,11,12,14,  56
2,7,8,9,11,12,15,16,  1,3,4,5,6,10,13,14,  56
2,7,8,9,11,13,14,16,  1,3,4,5,6,10,12,15,  56
2,7,8,9,12,13,14,15,  1,3,4,5,6,10,11,16,  56
2,7,8,10,11,12,14,16,  1,3,4,5,6,9,13,15,  56
2,7,8,10,11,13,14,15,  1,3,4,5,6,9,12,16,  56
2,7,9,10,11,12,13,16,  1,3,4,5,6,8,14,15,  56
2,7,9,10,11,12,14,15,  1,3,4,5,6,8,13,16,  56
2,7,9,12,13,14,15,16,  1,3,4,5,6,8,10,11,  48
2,7,10,11,13,14,15,16,  1,3,4,5,6,8,9,12,  48
2,8,9,10,11,12,13,15,  1,3,4,5,6,7,14,16,  56
2,8,9,11,13,14,15,16,  1,3,4,5,6,7,10,12,  48
2,8,10,11,12,14,15,16,  1,3,4,5,6,7,9,13,  48
2,9,10,11,12,13,15,16,  1,3,4,5,6,7,8,14,  48
3,4,5,6,7,8,9,14,  1,2,10,11,12,13,15,16,  80
3,4,5,6,7,8,10,13,  1,2,9,11,12,14,15,16,  80
3,4,5,6,7,8,11,12,  1,2,9,10,13,14,15,16,  80
3,4,5,6,7,8,15,16,  1,2,9,10,11,12,13,14,  72
3,4,5,6,7,9,10,12,  1,2,8,11,13,14,15,16,  80
3,4,5,6,7,9,14,16,  1,2,8,10,11,12,13,15,  72
3,4,5,6,7,10,13,16,  1,2,8,9,11,12,14,15,  72
3,4,5,6,7,10,14,15,  1,2,8,9,11,12,13,16,  72
3,4,5,6,7,11,12,16,  1,2,8,9,10,13,14,15,  72
3,4,5,6,7,11,13,15,  1,2,8,9,10,12,14,16,  72
3,4,5,6,7,12,13,14,  1,2,8,9,10,11,15,16,  72
3,4,5,6,8,9,10,11,  1,2,7,12,13,14,15,16,  80
3,4,5,6,8,9,13,16,  1,2,7,10,11,12,14,15,  72
3,4,5,6,8,9,14,15,  1,2,7,10,11,12,13,16,  72
3,4,5,6,8,10,12,16,  1,2,7,9,11,13,14,15,  72
3,4,5,6,8,10,13,15,  1,2,7,9,11,12,14,16,  72
3,4,5,6,8,11,12,15,  1,2,7,9,10,13,14,16,  72
3,4,5,6,8,11,13,14,  1,2,7,9,10,12,15,16,  72
3,4,5,6,9,10,11,16,  1,2,7,8,12,13,14,15,  72
3,4,5,6,9,10,12,15,  1,2,7,8,11,13,14,16,  72
3,4,5,6,9,10,13,14,  1,2,7,8,11,12,15,16,  72
3,4,5,6,9,11,12,14,  1,2,7,8,10,13,15,16,  72
3,4,5,6,9,14,15,16,  1,2,7,8,10,11,12,13,  64
3,4,5,6,10,11,12,13,  1,2,7,8,9,14,15,16,  72
3,4,5,6,10,13,15,16,  1,2,7,8,9,11,12,14,  64
3,4,5,6,11,12,15,16,  1,2,7,8,9,10,13,14,  64
3,4,5,6,11,13,14,16,  1,2,7,8,9,10,12,15,  64
3,4,5,6,12,13,14,15,  1,2,7,8,9,10,11,16,  64
3,4,5,7,8,9,12,16,  1,2,6,10,11,13,14,15,  72
3,4,5,7,8,9,13,15,  1,2,6,10,11,12,14,16,  72
3,4,5,7,8,10,11,16,  1,2,6,9,12,13,14,15,  72
3,4,5,7,8,10,12,15,  1,2,6,9,11,13,14,16,  72
3,4,5,7,8,10,13,14,  1,2,6,9,11,12,15,16,  72
3,4,5,7,8,11,12,14,  1,2,6,9,10,13,15,16,  72
3,4,5,7,8,14,15,16,  1,2,6,9,10,11,12,13,  64
3,4,5,7,9,10,11,15,  1,2,6,8,12,13,14,16,  72
3,4,5,7,9,10,12,14,  1,2,6,8,11,13,15,16,  72
3,4,5,7,9,11,12,13,  1,2,6,8,10,14,15,16,  72
3,4,5,7,9,13,15,16,  1,2,6,8,10,11,12,14,  64
3,4,5,7,10,12,15,16,  1,2,6,8,9,11,13,14,  64
3,4,5,7,10,13,14,16,  1,2,6,8,9,11,12,15,  64
3,4,5,7,11,12,14,16,  1,2,6,8,9,10,13,15,  64
3,4,5,7,11,13,14,15,  1,2,6,8,9,10,12,16,  64
3,4,5,8,9,10,11,14,  1,2,6,7,12,13,15,16,  72
3,4,5,8,9,10,12,13,  1,2,6,7,11,14,15,16,  72
3,4,5,8,9,12,15,16,  1,2,6,7,10,11,13,14,  64
3,4,5,8,9,13,14,16,  1,2,6,7,10,11,12,15,  64
3,4,5,8,10,11,15,16,  1,2,6,7,9,12,13,14,  64
3,4,5,8,10,12,14,16,  1,2,6,7,9,11,13,15,  64
3,4,5,8,10,13,14,15,  1,2,6,7,9,11,12,16,  64
3,4,5,8,11,12,13,16,  1,2,6,7,9,10,14,15,  64
3,4,5,8,11,12,14,15,  1,2,6,7,9,10,13,16,  64
3,4,5,9,10,11,14,16,  1,2,6,7,8,12,13,15,  64
3,4,5,9,10,12,13,16,  1,2,6,7,8,11,14,15,  64
3,4,5,9,10,12,14,15,  1,2,6,7,8,11,13,16,  64
3,4,5,9,11,12,13,15,  1,2,6,7,8,10,14,16,  64
3,4,5,10,11,12,13,14,  1,2,6,7,8,9,15,16,  64
3,4,5,10,13,14,15,16,  1,2,6,7,8,9,11,12,  56
3,4,5,11,12,14,15,16,  1,2,6,7,8,9,10,13,  56
3,4,6,7,8,9,11,16,  1,2,5,10,12,13,14,15,  72
3,4,6,7,8,9,12,15,  1,2,5,10,11,13,14,16,  72
3,4,6,7,8,9,13,14,  1,2,5,10,11,12,15,16,  72
3,4,6,7,8,10,11,15,  1,2,5,9,12,13,14,16,  72
3,4,6,7,8,10,12,14,  1,2,5,9,11,13,15,16,  72
3,4,6,7,8,11,12,13,  1,2,5,9,10,14,15,16,  72
3,4,6,7,8,13,15,16,  1,2,5,9,10,11,12,14,  64
3,4,6,7,9,10,11,14,  1,2,5,8,12,13,15,16,  72
3,4,6,7,9,10,12,13,  1,2,5,8,11,14,15,16,  72
3,4,6,7,9,12,15,16,  1,2,5,8,10,11,13,14,  64
3,4,6,7,9,13,14,16,  1,2,5,8,10,11,12,15,  64
3,4,6,7,10,11,15,16,  1,2,5,8,9,12,13,14,  64
3,4,6,7,10,12,14,16,  1,2,5,8,9,11,13,15,  64
3,4,6,7,10,13,14,15,  1,2,5,8,9,11,12,16,  64
3,4,6,7,11,12,13,16,  1,2,5,8,9,10,14,15,  64
3,4,6,7,11,12,14,15,  1,2,5,8,9,10,13,16,  64
3,4,6,8,9,10,11,13,  1,2,5,7,12,14,15,16,  72
3,4,6,8,9,11,15,16,  1,2,5,7,10,12,13,14,  64
3,4,6,8,9,12,14,16,  1,2,5,7,10,11,13,15,  64
3,4,6,8,9,13,14,15,  1,2,5,7,10,11,12,16,  64
3,4,6,8,10,11,14,16,  1,2,5,7,9,12,13,15,  64
3,4,6,8,10,12,13,16,  1,2,5,7,9,11,14,15,  64
3,4,6,8,10,12,14,15,  1,2,5,7,9,11,13,16,  64
3,4,6,8,11,12,13,15,  1,2,5,7,9,10,14,16,  64
3,4,6,9,10,11,13,16,  1,2,5,7,8,12,14,15,  64
3,4,6,9,10,11,14,15,  1,2,5,7,8,12,13,16,  64
3,4,6,9,10,12,13,15,  1,2,5,7,8,11,14,16,  64
3,4,6,9,11,12,13,14,  1,2,5,7,8,10,15,16,  64
3,4,6,9,13,14,15,16,  1,2,5,7,8,10,11,12,  56
3,4,6,10,12,14,15,16,  1,2,5,7,8,9,11,13,  56
3,4,6,11,12,13,15,16,  1,2,5,7,8,9,10,14,  56
3,4,7,8,9,10,11,12,  1,2,5,6,13,14,15,16,  72
3,4,7,8,9,10,15,16,  1,2,5,6,11,12,13,14,  64
3,4,7,8,9,11,14,16,  1,2,5,6,10,12,13,15,  64
3,4,7,8,9,12,13,16,  1,2,5,6,10,11,14,15,  64
3,4,7,8,9,12,14,15,  1,2,5,6,10,11,13,16,  64
3,4,7,8,10,11,13,16,  1,2,5,6,9,12,14,15,  64
3,4,7,8,10,11,14,15,  1,2,5,6,9,12,13,16,  64
3,4,7,8,10,12,13,15,  1,2,5,6,9,11,14,16,  64
3,4,7,8,11,12,13,14,  1,2,5,6,9,10,15,16,  64
3,4,7,8,13,14,15,16,  1,2,5,6,9,10,11,12,  56
3,4,7,9,10,11,12,16,  1,2,5,6,8,13,14,15,  64
3,4,7,9,10,11,13,15,  1,2,5,6,8,12,14,16,  64
3,4,7,9,10,12,13,14,  1,2,5,6,8,11,15,16,  64
3,4,7,9,12,14,15,16,  1,2,5,6,8,10,11,13,  56
3,4,7,10,11,14,15,16,  1,2,5,6,8,9,12,13,  56
3,4,7,10,12,13,15,16,  1,2,5,6,8,9,11,14,  56
3,4,7,11,12,13,14,16,  1,2,5,6,8,9,10,15,  56
3,4,8,9,10,11,12,15,  1,2,5,6,7,13,14,16,  64
3,4,8,9,10,11,13,14,  1,2,5,6,7,12,15,16,  64
3,4,8,9,11,14,15,16,  1,2,5,6,7,10,12,13,  56
3,4,8,9,12,13,15,16,  1,2,5,6,7,10,11,14,  56
3,4,8,10,11,13,15,16,  1,2,5,6,7,9,12,14,  56
3,4,8,10,12,13,14,16,  1,2,5,6,7,9,11,15,  56
3,4,8,11,12,13,14,15,  1,2,5,6,7,9,10,16,  56
3,4,9,10,11,12,15,16,  1,2,5,6,7,8,13,14,  56
3,4,9,10,11,13,14,16,  1,2,5,6,7,8,12,15,  56
3,4,9,10,12,13,14,15,  1,2,5,6,7,8,11,16,  56
3,4,11,12,13,14,15,16,  1,2,5,6,7,8,9,10,  48
3,5,6,7,8,9,10,16,  1,2,4,11,12,13,14,15,  72
3,5,6,7,8,9,11,15,  1,2,4,10,12,13,14,16,  72
3,5,6,7,8,9,12,14,  1,2,4,10,11,13,15,16,  72
3,5,6,7,8,10,11,14,  1,2,4,9,12,13,15,16,  72
3,5,6,7,8,10,12,13,  1,2,4,9,11,14,15,16,  72
3,5,6,7,8,12,15,16,  1,2,4,9,10,11,13,14,  64
3,5,6,7,8,13,14,16,  1,2,4,9,10,11,12,15,  64
3,5,6,7,9,10,11,13,  1,2,4,8,12,14,15,16,  72
3,5,6,7,9,11,15,16,  1,2,4,8,10,12,13,14,  64
3,5,6,7,9,12,14,16,  1,2,4,8,10,11,13,15,  64
3,5,6,7,9,13,14,15,  1,2,4,8,10,11,12,16,  64
3,5,6,7,10,11,14,16,  1,2,4,8,9,12,13,15,  64
3,5,6,7,10,12,13,16,  1,2,4,8,9,11,14,15,  64
3,5,6,7,10,12,14,15,  1,2,4,8,9,11,13,16,  64
3,5,6,7,11,12,13,15,  1,2,4,8,9,10,14,16,  64
3,5,6,8,9,10,11,12,  1,2,4,7,13,14,15,16,  72
3,5,6,8,9,10,15,16,  1,2,4,7,11,12,13,14,  64
3,5,6,8,9,11,14,16,  1,2,4,7,10,12,13,15,  64
3,5,6,8,9,12,13,16,  1,2,4,7,10,11,14,15,  64
3,5,6,8,9,12,14,15,  1,2,4,7,10,11,13,16,  64
3,5,6,8,10,11,13,16,  1,2,4,7,9,12,14,15,  64
3,5,6,8,10,11,14,15,  1,2,4,7,9,12,13,16,  64
3,5,6,8,10,12,13,15,  1,2,4,7,9,11,14,16,  64
3,5,6,8,11,12,13,14,  1,2,4,7,9,10,15,16,  64
3,5,6,8,13,14,15,16,  1,2,4,7,9,10,11,12,  56
3,5,6,9,10,11,12,16,  1,2,4,7,8,13,14,15,  64
3,5,6,9,10,11,13,15,  1,2,4,7,8,12,14,16,  64
3,5,6,9,10,12,13,14,  1,2,4,7,8,11,15,16,  64
3,5,6,9,12,14,15,16,  1,2,4,7,8,10,11,13,  56
3,5,6,10,11,14,15,16,  1,2,4,7,8,9,12,13,  56
3,5,6,10,12,13,15,16,  1,2,4,7,8,9,11,14,  56
3,5,6,11,12,13,14,16,  1,2,4,7,8,9,10,15,  56
3,5,7,8,9,10,14,16,  1,2,4,6,11,12,13,15,  64
3,5,7,8,9,11,13,16,  1,2,4,6,10,12,14,15,  64
3,5,7,8,9,11,14,15,  1,2,4,6,10,12,13,16,  64
3,5,7,8,9,12,13,15,  1,2,4,6,10,11,14,16,  64
3,5,7,8,10,11,12,16,  1,2,4,6,9,13,14,15,  64
3,5,7,8,10,11,13,15,  1,2,4,6,9,12,14,16,  64
3,5,7,8,10,12,13,14,  1,2,4,6,9,11,15,16,  64
3,5,7,8,12,14,15,16,  1,2,4,6,9,10,11,13,  56
3,5,7,9,10,11,12,15,  1,2,4,6,8,13,14,16,  64
3,5,7,9,10,11,13,14,  1,2,4,6,8,12,15,16,  64
3,5,7,9,11,14,15,16,  1,2,4,6,8,10,12,13,  56
3,5,7,9,12,13,15,16,  1,2,4,6,8,10,11,14,  56
3,5,7,10,11,13,15,16,  1,2,4,6,8,9,12,14,  56
3,5,7,10,12,13,14,16,  1,2,4,6,8,9,11,15,  56
3,5,7,11,12,13,14,15,  1,2,4,6,8,9,10,16,  56
3,5,8,9,10,11,12,14,  1,2,4,6,7,13,15,16,  64
3,5,8,9,10,14,15,16,  1,2,4,6,7,11,12,13,  56
3,5,8,9,11,13,15,16,  1,2,4,6,7,10,12,14,  56
3,5,8,9,12,13,14,16,  1,2,4,6,7,10,11,15,  56
3,5,8,10,11,12,15,16,  1,2,4,6,7,9,13,14,  56
3,5,8,10,11,13,14,16,  1,2,4,6,7,9,12,15,  56
3,5,8,10,12,13,14,15,  1,2,4,6,7,9,11,16,  56
3,5,9,10,11,12,14,16,  1,2,4,6,7,8,13,15,  56
3,5,9,10,11,13,14,15,  1,2,4,6,7,8,12,16,  56
3,5,10,12,13,14,15,16,  1,2,4,6,7,8,9,11,  48
3,6,7,8,9,10,13,16,  1,2,4,5,11,12,14,15,  64
3,6,7,8,9,10,14,15,  1,2,4,5,11,12,13,16,  64
3,6,7,8,9,11,12,16,  1,2,4,5,10,13,14,15,  64
3,6,7,8,9,11,13,15,  1,2,4,5,10,12,14,16,  64
3,6,7,8,9,12,13,14,  1,2,4,5,10,11,15,16,  64
3,6,7,8,10,11,12,15,  1,2,4,5,9,13,14,16,  64
3,6,7,8,10,11,13,14,  1,2,4,5,9,12,15,16,  64
3,6,7,8,11,14,15,16,  1,2,4,5,9,10,12,13,  56
3,6,7,8,12,13,15,16,  1,2,4,5,9,10,11,14,  56
3,6,7,9,10,11,12,14,  1,2,4,5,8,13,15,16,  64
3,6,7,9,10,14,15,16,  1,2,4,5,8,11,12,13,  56
3,6,7,9,11,13,15,16,  1,2,4,5,8,10,12,14,  56
3,6,7,9,12,13,14,16,  1,2,4,5,8,10,11,15,  56
3,6,7,10,11,12,15,16,  1,2,4,5,8,9,13,14,  56
3,6,7,10,11,13,14,16,  1,2,4,5,8,9,12,15,  56
3,6,7,10,12,13,14,15,  1,2,4,5,8,9,11,16,  56
3,6,8,9,10,11,12,13,  1,2,4,5,7,14,15,16,  64
3,6,8,9,10,13,15,16,  1,2,4,5,7,11,12,14,  56
3,6,8,9,11,12,15,16,  1,2,4,5,7,10,13,14,  56
3,6,8,9,11,13,14,16,  1,2,4,5,7,10,12,15,  56
3,6,8,9,12,13,14,15,  1,2,4,5,7,10,11,16,  56
3,6,8,10,11,12,14,16,  1,2,4,5,7,9,13,15,  56
3,6,8,10,11,13,14,15,  1,2,4,5,7,9,12,16,  56
3,6,9,10,11,12,13,16,  1,2,4,5,7,8,14,15,  56
3,6,9,10,11,12,14,15,  1,2,4,5,7,8,13,16,  56
3,6,9,12,13,14,15,16,  1,2,4,5,7,8,10,11,  48
3,6,10,11,13,14,15,16,  1,2,4,5,7,8,9,12,  48
3,7,8,9,10,12,15,16,  1,2,4,5,6,11,13,14,  56
3,7,8,9,10,13,14,16,  1,2,4,5,6,11,12,15,  56
3,7,8,9,11,12,14,16,  1,2,4,5,6,10,13,15,  56
3,7,8,9,11,13,14,15,  1,2,4,5,6,10,12,16,  56
3,7,8,10,11,12,13,16,  1,2,4,5,6,9,14,15,  56
3,7,8,10,11,12,14,15,  1,2,4,5,6,9,13,16,  56
3,7,8,12,13,14,15,16,  1,2,4,5,6,9,10,11,  48
3,7,9,10,11,12,13,15,  1,2,4,5,6,8,14,16,  56
3,7,9,11,13,14,15,16,  1,2,4,5,6,8,10,12,  48
3,7,10,11,12,14,15,16,  1,2,4,5,6,8,9,13,  48
3,8,9,10,11,12,13,14,  1,2,4,5,6,7,15,16,  56
3,8,9,10,13,14,15,16,  1,2,4,5,6,7,11,12,  48
3,8,9,11,12,14,15,16,  1,2,4,5,6,7,10,13,  48
3,8,10,11,12,13,15,16,  1,2,4,5,6,7,9,14,  48
3,9,10,11,12,13,14,16,  1,2,4,5,6,7,8,15,  48
4,5,6,7,8,9,10,15,  1,2,3,11,12,13,14,16,  72
4,5,6,7,8,9,11,14,  1,2,3,10,12,13,15,16,  72
4,5,6,7,8,9,12,13,  1,2,3,10,11,14,15,16,  72
4,5,6,7,8,10,11,13,  1,2,3,9,12,14,15,16,  72
4,5,6,7,8,11,15,16,  1,2,3,9,10,12,13,14,  64
4,5,6,7,8,12,14,16,  1,2,3,9,10,11,13,15,  64
4,5,6,7,8,13,14,15,  1,2,3,9,10,11,12,16,  64
4,5,6,7,9,10,11,12,  1,2,3,8,13,14,15,16,  72
4,5,6,7,9,10,15,16,  1,2,3,8,11,12,13,14,  64
4,5,6,7,9,11,14,16,  1,2,3,8,10,12,13,15,  64
4,5,6,7,9,12,13,16,  1,2,3,8,10,11,14,15,  64
4,5,6,7,9,12,14,15,  1,2,3,8,10,11,13,16,  64
4,5,6,7,10,11,13,16,  1,2,3,8,9,12,14,15,  64
4,5,6,7,10,11,14,15,  1,2,3,8,9,12,13,16,  64
4,5,6,7,10,12,13,15,  1,2,3,8,9,11,14,16,  64
4,5,6,7,11,12,13,14,  1,2,3,8,9,10,15,16,  64
4,5,6,7,13,14,15,16,  1,2,3,8,9,10,11,12,  56
4,5,6,8,9,10,14,16,  1,2,3,7,11,12,13,15,  64
4,5,6,8,9,11,13,16,  1,2,3,7,10,12,14,15,  64
4,5,6,8,9,11,14,15,  1,2,3,7,10,12,13,16,  64
4,5,6,8,9,12,13,15,  1,2,3,7,10,11,14,16,  64
4,5,6,8,10,11,12,16,  1,2,3,7,9,13,14,15,  64
4,5,6,8,10,11,13,15,  1,2,3,7,9,12,14,16,  64
4,5,6,8,10,12,13,14,  1,2,3,7,9,11,15,16,  64
4,5,6,8,12,14,15,16,  1,2,3,7,9,10,11,13,  56
4,5,6,9,10,11,12,15,  1,2,3,7,8,13,14,16,  64
4,5,6,9,10,11,13,14,  1,2,3,7,8,12,15,16,  64
4,5,6,9,11,14,15,16,  1,2,3,7,8,10,12,13,  56
4,5,6,9,12,13,15,16,  1,2,3,7,8,10,11,14,  56
4,5,6,10,11,13,15,16,  1,2,3,7,8,9,12,14,  56
4,5,6,10,12,13,14,16,  1,2,3,7,8,9,11,15,  56
4,5,6,11,12,13,14,15,  1,2,3,7,8,9,10,16,  56
4,5,7,8,9,10,13,16,  1,2,3,6,11,12,14,15,  64
4,5,7,8,9,10,14,15,  1,2,3,6,11,12,13,16,  64
4,5,7,8,9,11,12,16,  1,2,3,6,10,13,14,15,  64
4,5,7,8,9,11,13,15,  1,2,3,6,10,12,14,16,  64
4,5,7,8,9,12,13,14,  1,2,3,6,10,11,15,16,  64
4,5,7,8,10,11,12,15,  1,2,3,6,9,13,14,16,  64
4,5,7,8,10,11,13,14,  1,2,3,6,9,12,15,16,  64
4,5,7,8,11,14,15,16,  1,2,3,6,9,10,12,13,  56
4,5,7,8,12,13,15,16,  1,2,3,6,9,10,11,14,  56
4,5,7,9,10,11,12,14,  1,2,3,6,8,13,15,16,  64
4,5,7,9,10,14,15,16,  1,2,3,6,8,11,12,13,  56
4,5,7,9,11,13,15,16,  1,2,3,6,8,10,12,14,  56
4,5,7,9,12,13,14,16,  1,2,3,6,8,10,11,15,  56
4,5,7,10,11,12,15,16,  1,2,3,6,8,9,13,14,  56
4,5,7,10,11,13,14,16,  1,2,3,6,8,9,12,15,  56
4,5,7,10,12,13,14,15,  1,2,3,6,8,9,11,16,  56
4,5,8,9,10,11,12,13,  1,2,3,6,7,14,15,16,  64
4,5,8,9,10,13,15,16,  1,2,3,6,7,11,12,14,  56
4,5,8,9,11,12,15,16,  1,2,3,6,7,10,13,14,  56
4,5,8,9,11,13,14,16,  1,2,3,6,7,10,12,15,  56
4,5,8,9,12,13,14,15,  1,2,3,6,7,10,11,16,  56
4,5,8,10,11,12,14,16,  1,2,3,6,7,9,13,15,  56
4,5,8,10,11,13,14,15,  1,2,3,6,7,9,12,16,  56
4,5,9,10,11,12,13,16,  1,2,3,6,7,8,14,15,  56
4,5,9,10,11,12,14,15,  1,2,3,6,7,8,13,16,  56
4,5,9,12,13,14,15,16,  1,2,3,6,7,8,10,11,  48
4,5,10,11,13,14,15,16,  1,2,3,6,7,8,9,12,  48
4,6,7,8,9,10,12,16,  1,2,3,5,11,13,14,15,  64
4,6,7,8,9,10,13,15,  1,2,3,5,11,12,14,16,  64
4,6,7,8,9,11,12,15,  1,2,3,5,10,13,14,16,  64
4,6,7,8,9,11,13,14,  1,2,3,5,10,12,15,16,  64
4,6,7,8,10,11,12,14,  1,2,3,5,9,13,15,16,  64
4,6,7,8,10,14,15,16,  1,2,3,5,9,11,12,13,  56
4,6,7,8,11,13,15,16,  1,2,3,5,9,10,12,14,  56
4,6,7,8,12,13,14,16,  1,2,3,5,9,10,11,15,  56
4,6,7,9,10,11,12,13,  1,2,3,5,8,14,15,16,  64
4,6,7,9,10,13,15,16,  1,2,3,5,8,11,12,14,  56
4,6,7,9,11,12,15,16,  1,2,3,5,8,10,13,14,  56
4,6,7,9,11,13,14,16,  1,2,3,5,8,10,12,15,  56
4,6,7,9,12,13,14,15,  1,2,3,5,8,10,11,16,  56
4,6,7,10,11,12,14,16,  1,2,3,5,8,9,13,15,  56
4,6,7,10,11,13,14,15,  1,2,3,5,8,9,12,16,  56
4,6,8,9,10,12,15,16,  1,2,3,5,7,11,13,14,  56
4,6,8,9,10,13,14,16,  1,2,3,5,7,11,12,15,  56
4,6,8,9,11,12,14,16,  1,2,3,5,7,10,13,15,  56
4,6,8,9,11,13,14,15,  1,2,3,5,7,10,12,16,  56
4,6,8,10,11,12,13,16,  1,2,3,5,7,9,14,15,  56
4,6,8,10,11,12,14,15,  1,2,3,5,7,9,13,16,  56
4,6,8,12,13,14,15,16,  1,2,3,5,7,9,10,11,  48
4,6,9,10,11,12,13,15,  1,2,3,5,7,8,14,16,  56
4,6,9,11,13,14,15,16,  1,2,3,5,7,8,10,12,  48
4,6,10,11,12,14,15,16,  1,2,3,5,7,8,9,13,  48
4,7,8,9,10,11,15,16,  1,2,3,5,6,12,13,14,  56
4,7,8,9,10,12,14,16,  1,2,3,5,6,11,13,15,  56
4,7,8,9,10,13,14,15,  1,2,3,5,6,11,12,16,  56
4,7,8,9,11,12,13,16,  1,2,3,5,6,10,14,15,  56
4,7,8,9,11,12,14,15,  1,2,3,5,6,10,13,16,  56
4,7,8,10,11,12,13,15,  1,2,3,5,6,9,14,16,  56
4,7,8,11,13,14,15,16,  1,2,3,5,6,9,10,12,  48
4,7,9,10,11,12,13,14,  1,2,3,5,6,8,15,16,  56
4,7,9,10,13,14,15,16,  1,2,3,5,6,8,11,12,  48
4,7,9,11,12,14,15,16,  1,2,3,5,6,8,10,13,  48
4,7,10,11,12,13,15,16,  1,2,3,5,6,8,9,14,  48
4,8,9,10,12,14,15,16,  1,2,3,5,6,7,11,13,  48
4,8,9,11,12,13,15,16,  1,2,3,5,6,7,10,14,  48
4,8,10,11,12,13,14,16,  1,2,3,5,6,7,9,15,  48
4,9,10,11,12,13,14,15,  1,2,3,5,6,7,8,16,  48
5,6,7,8,9,10,11,16,  1,2,3,4,12,13,14,15,  64
5,6,7,8,9,10,12,15,  1,2,3,4,11,13,14,16,  64
5,6,7,8,9,10,13,14,  1,2,3,4,11,12,15,16,  64
5,6,7,8,9,11,12,14,  1,2,3,4,10,13,15,16,  64
5,6,7,8,9,14,15,16,  1,2,3,4,10,11,12,13,  56
5,6,7,8,10,11,12,13,  1,2,3,4,9,14,15,16,  64
5,6,7,8,10,13,15,16,  1,2,3,4,9,11,12,14,  56
5,6,7,8,11,12,15,16,  1,2,3,4,9,10,13,14,  56
5,6,7,8,11,13,14,16,  1,2,3,4,9,10,12,15,  56
5,6,7,8,12,13,14,15,  1,2,3,4,9,10,11,16,  56
5,6,7,9,10,12,15,16,  1,2,3,4,8,11,13,14,  56
5,6,7,9,10,13,14,16,  1,2,3,4,8,11,12,15,  56
5,6,7,9,11,12,14,16,  1,2,3,4,8,10,13,15,  56
5,6,7,9,11,13,14,15,  1,2,3,4,8,10,12,16,  56
5,6,7,10,11,12,13,16,  1,2,3,4,8,9,14,15,  56
5,6,7,10,11,12,14,15,  1,2,3,4,8,9,13,16,  56
5,6,7,12,13,14,15,16,  1,2,3,4,8,9,10,11,  48
5,6,8,9,10,11,15,16,  1,2,3,4,7,12,13,14,  56
5,6,8,9,10,12,14,16,  1,2,3,4,7,11,13,15,  56
5,6,8,9,10,13,14,15,  1,2,3,4,7,11,12,16,  56
5,6,8,9,11,12,13,16,  1,2,3,4,7,10,14,15,  56
5,6,8,9,11,12,14,15,  1,2,3,4,7,10,13,16,  56
5,6,8,10,11,12,13,15,  1,2,3,4,7,9,14,16,  56
5,6,8,11,13,14,15,16,  1,2,3,4,7,9,10,12,  48
5,6,9,10,11,12,13,14,  1,2,3,4,7,8,15,16,  56
5,6,9,10,13,14,15,16,  1,2,3,4,7,8,11,12,  48
5,6,9,11,12,14,15,16,  1,2,3,4,7,8,10,13,  48
5,6,10,11,12,13,15,16,  1,2,3,4,7,8,9,14,  48
5,7,8,9,10,11,14,16,  1,2,3,4,6,12,13,15,  56
5,7,8,9,10,12,13,16,  1,2,3,4,6,11,14,15,  56
5,7,8,9,10,12,14,15,  1,2,3,4,6,11,13,16,  56
5,7,8,9,11,12,13,15,  1,2,3,4,6,10,14,16,  56
5,7,8,10,11,12,13,14,  1,2,3,4,6,9,15,16,  56
5,7,8,10,13,14,15,16,  1,2,3,4,6,9,11,12,  48
5,7,8,11,12,14,15,16,  1,2,3,4,6,9,10,13,  48
5,7,9,10,12,14,15,16,  1,2,3,4,6,8,11,13,  48
5,7,9,11,12,13,15,16,  1,2,3,4,6,8,10,14,  48
5,7,10,11,12,13,14,16,  1,2,3,4,6,8,9,15,  48
5,8,9,10,11,14,15,16,  1,2,3,4,6,7,12,13,  48
5,8,9,10,12,13,15,16,  1,2,3,4,6,7,11,14,  48
5,8,9,11,12,13,14,16,  1,2,3,4,6,7,10,15,  48
5,8,10,11,12,13,14,15,  1,2,3,4,6,7,9,16,  48
5,10,11,12,13,14,15,16,  1,2,3,4,6,7,8,9,  40
6,7,8,9,10,11,13,16,  1,2,3,4,5,12,14,15,  56
6,7,8,9,10,11,14,15,  1,2,3,4,5,12,13,16,  56
6,7,8,9,10,12,13,15,  1,2,3,4,5,11,14,16,  56
6,7,8,9,11,12,13,14,  1,2,3,4,5,10,15,16,  56
6,7,8,9,13,14,15,16,  1,2,3,4,5,10,11,12,  48
6,7,8,10,12,14,15,16,  1,2,3,4,5,9,11,13,  48
6,7,8,11,12,13,15,16,  1,2,3,4,5,9,10,14,  48
6,7,9,10,11,14,15,16,  1,2,3,4,5,8,12,13,  48
6,7,9,10,12,13,15,16,  1,2,3,4,5,8,11,14,  48
6,7,9,11,12,13,14,16,  1,2,3,4,5,8,10,15,  48
6,7,10,11,12,13,14,15,  1,2,3,4,5,8,9,16,  48
6,8,9,10,11,13,15,16,  1,2,3,4,5,7,12,14,  48
6,8,9,10,12,13,14,16,  1,2,3,4,5,7,11,15,  48
6,8,9,11,12,13,14,15,  1,2,3,4,5,7,10,16,  48
6,9,11,12,13,14,15,16,  1,2,3,4,5,7,8,10,  40
7,8,9,10,11,12,15,16,  1,2,3,4,5,6,13,14,  48
7,8,9,10,11,13,14,16,  1,2,3,4,5,6,12,15,  48
7,8,9,10,12,13,14,15,  1,2,3,4,5,6,11,16,  48
7,8,11,12,13,14,15,16,  1,2,3,4,5,6,9,10,  40
7,9,10,12,13,14,15,16,  1,2,3,4,5,6,8,11,  40
8,9,10,11,13,14,15,16,  1,2,3,4,5,6,7,12,  40
